TRIE
[165;162;128;38;87;135;124;64;91;134;6;0;4;105;140;73;98;56;166;81;115;, 8.66672]
[12;78;14;159;176;164;150;3;85;1;110;75;85;120;63;38;55;160;27;64;89;, 8.29601]
[97;96;124;46;132;111;81;21;55;160;37;1;29;169;10;164;125;147;86;170;55;, 8.29601]
[36;160;39;54;180;41;144;6;8;92;89;118;15;53;143;69;12;160;99;152;110;, 8.29274]
[97;126;87;91;19;155;44;32;54;109;81;10;7;115;137;154;150;5;161;179;101;, 8.25579]
[21;175;115;134;5;179;6;64;24;88;132;32;122;34;80;108;81;66;127;22;159;, 8.22379]
[136;86;147;78;100;69;19;36;157;180;180;7;70;137;16;146;0;139;179;8;78;, 8.20571]
[142;31;155;161;162;57;173;121;45;107;36;53;43;54;12;12;158;126;61;20;37;, 8.20314]
[48;31;147;116;48;155;42;158;33;39;107;176;39;72;95;96;21;16;55;115;15;, 8.17449]
[141;136;19;41;173;80;162;127;173;129;94;48;41;43;80;179;158;57;147;168;142;, 8.04097]
[109;27;29;121;31;103;86;173;119;169;143;72;106;4;48;154;96;166;124;105;40;, 8.03972]
[5;12;130;23;51;60;22;177;16;167;145;95;48;144;69;36;141;66;160;70;169;, 8.03335]
[34;122;95;128;175;58;163;147;43;33;135;176;96;147;170;59;157;146;75;65;82;, 7.88497]
[28;110;52;153;77;23;156;105;126;49;48;88;124;141;121;141;169;47;150;126;8;, 7.86802]
[33;113;62;150;89;141;93;8;38;68;41;2;173;62;101;103;49;119;54;55;174;, 7.86802]
[32;132;1;85;74;70;130;148;30;173;63;33;106;46;39;164;45;92;55;74;2;, 7.84498]
[95;162;150;46;63;76;176;57;83;174;50;118;34;132;92;35;147;114;147;32;13;, 7.84498]
[61;180;93;143;70;5;163;133;4;95;126;133;111;73;2;73;76;130;4;22;19;, 7.8167]
[125;164;180;107;39;54;38;82;136;39;33;168;121;120;131;97;164;178;135;120;160;, 7.8167]
[52;14;152;102;90;76;134;145;99;2;149;19;28;96;177;58;178;70;148;77;112;, 7.81185]
[30;129;74;1;157;48;86;95;115;155;79;107;154;67;66;159;32;103;45;89;24;, 7.79143]
[139;60;132;114;90;116;49;85;172;122;88;169;133;178;63;125;152;102;31;152;15;, 7.76577]
[28;169;171;65;41;43;73;63;94;120;114;31;92;95;117;25;96;155;78;99;156;, 7.70576]
[97;65;92;9;42;149;105;55;64;162;56;113;47;63;129;140;61;27;131;153;4;, 7.58674]
[172;44;72;57;78;106;12;74;84;25;175;30;64;52;111;139;101;128;52;133;78;, 7.5866]
[96;175;81;64;47;77;0;137;128;143;37;116;166;152;34;19;6;176;110;147;151;, 7.56747]
[130;139;116;172;78;157;14;68;18;44;178;24;16;23;58;114;103;84;72;122;158;, 7.42712]
[64;96;145;145;81;15;44;153;172;42;121;58;121;68;134;15;92;70;172;120;39;, 7.37568]
[97;77;45;142;109;154;149;20;79;50;12;151;77;72;41;165;2;0;172;114;42;, 7.34342]
[168;141;56;163;54;38;120;171;57;111;6;71;129;37;116;160;39;157;138;132;17;, 7.34342]
[39;104;84;111;83;110;173;179;84;46;56;146;139;55;113;173;152;30;162;46;57;, 7.34202]
[113;89;3;68;44;87;36;37;161;49;108;12;6;45;45;126;170;47;6;8;102;, 7.3315]
[24;101;1;156;157;83;101;161;67;163;75;15;156;158;1;163;127;155;51;107;2;, 7.2298]
[27;0;179;153;127;174;65;171;46;71;24;119;44;36;44;100;27;49;170;19;99;, 7.21793]
[156;156;132;22;118;70;100;170;25;164;172;5;25;123;120;70;127;60;171;156;9;, 7.21772]
[83;155;46;164;63;7;82;51;141;168;97;93;56;96;140;117;9;12;163;175;173;, 7.20434]
[58;146;31;25;19;110;97;35;151;106;131;124;146;76;86;66;118;77;19;144;50;, 7.19884]
[93;154;114;95;119;141;138;48;10;86;157;69;83;88;31;68;100;26;133;141;154;, 7.19884]
[93;31;115;108;88;87;126;69;123;180;140;97;101;45;145;30;119;58;140;39;28;, 7.17497]
[45;64;176;101;56;56;154;65;45;158;90;144;7;152;44;58;131;133;37;54;125;, 7.14234]
[32;69;115;51;177;171;129;19;10;123;134;89;162;75;77;163;67;57;123;149;38;, 7.12157]
[102;116;34;178;54;12;143;154;44;6;14;73;91;53;109;127;172;78;132;89;51;, 7.10667]
[23;67;87;170;17;175;106;148;147;175;113;109;104;73;63;146;126;51;4;36;31;, 7.10667]
[38;8;27;140;166;72;18;160;97;117;174;113;51;122;25;131;80;47;1;124;69;, 7.08056]
[41;69;42;10;168;177;89;158;90;86;23;132;54;124;4;157;125;86;173;161;51;, 7.08056]
[31;134;64;14;82;119;28;178;138;19;46;141;10;93;142;91;56;0;45;125;145;, 7.04706]
[158;179;131;101;155;116;9;41;38;3;65;140;1;13;82;79;2;26;156;68;163;, 7.04324]
[95;104;145;6;157;43;59;174;33;87;106;56;36;166;82;132;116;3;93;55;38;, 7.04061]
[43;5;33;146;118;127;129;160;170;97;36;133;72;176;146;22;92;73;2;53;137;, 7.02125]
[86;34;39;14;47;167;13;125;44;142;36;171;154;130;145;153;53;129;161;72;134;, 6.99038]
[173;74;43;32;58;14;102;0;71;159;171;8;9;15;38;168;160;89;80;134;97;, 6.94437]
[5;73;20;58;6;65;167;11;129;170;35;55;65;112;36;124;14;60;12;128;42;, 6.92565]
[29;108;84;53;1;136;94;83;147;163;128;153;150;50;129;131;114;57;140;11;123;, 6.91391]
[116;114;32;6;87;120;119;6;86;22;56;126;115;77;3;95;64;90;170;112;53;, 6.91391]
[55;175;127;169;93;180;4;55;159;43;147;159;151;23;48;151;85;125;15;161;133;, 6.90053]
[46;77;106;166;155;83;103;180;123;38;180;79;138;174;154;53;118;126;118;4;20;, 6.88285]
[167;170;147;33;136;62;61;165;5;174;104;68;33;26;144;95;97;176;125;41;61;, 6.84381]
[73;114;69;40;44;127;141;148;106;149;69;47;29;138;77;165;28;29;47;4;104;, 6.82997]
[24;18;93;106;160;24;84;147;93;18;98;40;45;179;90;22;7;82;97;22;112;, 6.80973]
[19;2;68;92;109;26;175;107;14;86;96;8;108;153;2;56;158;120;33;140;30;, 6.79651]
[142;65;39;85;109;148;131;65;26;94;138;149;109;179;177;155;81;46;160;11;46;, 6.78992]
[100;130;124;63;61;11;58;105;104;105;101;17;93;125;141;48;74;133;100;118;4;, 6.78659]
[60;158;107;45;88;73;178;123;170;18;68;71;154;29;159;62;18;44;105;2;31;, 6.76371]
[154;8;138;47;143;116;159;135;159;23;72;72;128;41;178;35;64;29;75;150;36;, 6.75792]
[60;140;156;62;79;87;139;177;119;55;38;99;134;35;138;164;161;164;71;34;31;, 6.72767]
[165;56;88;154;32;147;176;116;26;175;3;17;57;109;118;121;115;62;113;52;110;, 6.71297]
[110;87;76;140;48;3;39;108;44;118;135;89;131;9;144;146;14;111;16;165;140;, 6.7082]
[156;68;175;40;131;92;8;68;117;157;106;153;92;163;177;62;61;77;118;82;143;, 6.7082]
[36;67;115;82;8;70;66;162;24;65;146;44;143;145;7;96;38;144;31;161;113;, 6.67028]
[148;79;73;179;128;143;157;174;74;13;74;57;171;106;144;23;13;17;109;126;33;, 6.67028]
[178;75;84;66;3;83;52;46;117;62;35;74;91;110;142;160;87;122;126;2;124;, 6.66116]
[179;31;105;10;159;114;67;4;44;139;16;152;69;95;47;164;6;78;125;4;121;, 6.65724]
[20;88;42;30;95;51;74;62;13;90;172;26;151;76;160;19;84;161;128;38;142;, 6.60679]
[132;150;106;87;0;178;14;129;20;170;94;117;48;120;79;39;45;35;143;117;139;, 6.60526]
[120;64;56;77;46;116;57;75;18;83;163;175;102;174;156;9;156;37;163;93;133;, 6.55984]
[86;156;51;154;104;111;170;17;81;15;100;40;76;58;112;153;26;19;44;168;46;, 6.55074]
[83;4;10;167;102;108;172;65;160;51;95;108;79;82;113;66;117;176;161;125;157;, 6.54996]
[171;91;107;172;14;21;170;112;138;153;180;99;90;9;158;56;87;177;45;14;121;, 6.54829]
[71;162;154;52;62;19;149;114;142;54;124;126;97;180;54;144;40;139;114;129;60;, 6.51886]
[168;106;60;99;25;3;71;1;79;5;68;92;106;109;90;142;18;7;38;38;104;, 6.50174]
[28;155;71;117;41;129;9;59;145;108;176;39;170;93;30;107;45;0;146;171;139;, 6.49962]
[154;111;12;23;121;132;20;102;1;27;152;157;130;130;176;58;123;84;8;127;179;, 6.49451]
[37;177;79;145;84;36;17;94;99;164;70;60;145;48;69;48;118;163;32;161;41;, 6.47714]
[47;9;65;11;69;24;4;46;13;89;139;1;76;133;79;92;47;2;134;170;14;, 6.47525]
[39;107;128;8;124;1;82;51;54;77;175;138;33;98;65;113;24;14;105;25;83;, 6.47525]
[26;42;18;114;158;21;74;169;27;64;161;163;88;61;44;153;69;8;8;123;146;, 6.47424]
[12;125;152;140;146;55;54;173;154;23;100;81;80;92;170;61;85;147;26;132;21;, 6.46058]
[112;61;136;46;29;65;47;0;58;58;100;122;85;17;8;47;101;65;19;23;151;, 6.43517]
[122;136;148;68;120;51;3;15;85;6;17;69;169;25;27;11;153;83;56;58;132;, 6.41465]
[99;81;25;34;16;86;77;100;48;71;10;170;11;63;69;131;99;35;46;132;154;, 6.38768]
[16;54;14;1;176;122;18;125;72;68;38;16;169;17;11;77;160;89;118;163;174;, 6.38174]
[30;53;58;40;97;70;137;104;60;174;148;145;27;99;53;65;24;118;86;55;124;, 6.38174]
[41;113;104;140;27;62;133;14;147;98;123;18;169;156;92;89;36;124;35;38;69;, 6.37121]
[179;23;172;1;3;152;124;149;92;60;143;38;26;88;140;68;73;54;47;49;108;, 6.34026]
[28;85;31;119;61;5;170;77;71;55;106;9;18;63;70;148;42;32;50;3;110;, 6.33489]
[136;82;29;78;132;25;92;180;127;126;139;106;93;152;102;76;167;169;133;112;70;, 6.31779]
[88;175;164;57;73;129;154;15;129;38;174;77;20;81;162;115;65;37;66;54;7;, 6.29309]
[11;33;54;120;176;46;36;158;153;56;167;136;63;150;64;64;9;55;135;90;53;, 6.27898]
[94;143;82;36;151;139;115;34;165;143;65;72;93;134;171;3;136;88;101;43;145;, 6.27676]
[53;133;178;124;24;156;142;11;86;160;56;144;64;9;96;152;170;37;41;142;152;, 6.27676]
[86;175;51;170;111;24;77;73;97;108;78;114;144;31;103;160;104;154;50;2;153;, 6.26254]
[38;48;160;113;64;180;180;116;149;135;131;57;106;62;153;47;113;171;103;77;41;, 6.24361]
[137;77;86;76;180;111;92;118;88;32;42;140;61;129;23;160;24;31;158;142;138;, 6.23306]
[33;175;18;27;174;67;65;126;3;45;30;163;125;132;179;18;32;137;76;146;52;, 6.22124]
[151;107;143;42;8;58;160;171;167;64;71;68;168;21;151;103;74;137;121;49;106;, 6.21433]
[60;155;41;70;91;118;166;36;114;104;123;37;23;112;154;100;75;139;153;172;166;, 6.20104]
[178;107;159;129;74;117;98;89;60;78;63;116;73;157;141;35;166;143;5;159;111;, 6.20104]
[180;149;60;109;138;64;122;107;14;126;130;162;50;24;114;56;173;15;101;118;142;, 6.17296]
[40;113;129;56;4;12;92;166;57;148;20;5;97;138;122;122;10;32;48;1;150;, 6.15745]
[150;32;30;96;164;169;55;99;83;78;132;75;37;150;94;58;117;29;53;94;173;, 6.15234]
[26;73;3;117;149;7;75;103;71;58;136;119;59;90;0;179;8;137;12;74;57;, 6.14171]
[68;30;13;50;86;72;140;116;54;173;77;35;14;83;123;156;108;131;112;75;94;, 6.12669]
[21;148;26;32;70;141;178;106;127;133;177;132;0;93;169;168;126;29;124;122;125;, 6.11061]
[34;90;179;163;112;156;156;176;9;132;108;53;136;49;170;117;27;77;81;112;30;, 6.10585]
[31;142;58;39;26;172;160;119;152;74;82;172;120;95;68;35;75;125;11;41;103;, 6.06804]
[65;145;11;123;122;58;91;5;129;142;167;166;54;22;149;165;58;169;49;52;82;, 6.06804]
[55;96;27;162;78;109;175;17;21;112;155;84;64;179;49;19;117;85;135;53;132;, 6.04793]
[44;96;94;69;93;111;60;79;33;56;75;178;9;114;24;166;76;171;178;152;154;, 6.04249]
[142;144;131;111;153;176;152;16;11;45;179;64;92;128;93;168;101;98;94;37;139;, 6.03998]
[147;54;109;36;106;169;123;28;90;68;38;160;157;22;151;76;77;157;93;177;70;, 6.03998]
[130;72;130;133;128;51;176;151;136;66;17;118;98;157;57;16;36;178;99;129;22;, 6.02581]
[95;149;26;2;166;5;113;15;16;39;171;112;55;133;16;163;179;30;10;73;80;, 5.98876]
[42;81;77;107;9;8;64;162;172;24;121;110;135;42;100;50;130;7;114;164;139;, 5.94456]
[143;5;158;100;79;102;147;36;145;160;138;154;155;109;17;146;164;102;49;176;129;, 5.93642]
[153;16;90;177;81;69;69;158;91;78;171;175;38;1;45;167;65;95;158;163;136;, 5.93642]
[104;80;92;100;33;91;133;0;15;53;74;77;148;168;161;105;120;112;175;82;166;, 5.93381]
[81;2;81;107;23;109;171;154;122;136;121;135;0;130;104;5;92;70;153;13;28;, 5.93105]
[8;22;62;107;160;74;9;104;75;170;105;174;70;172;123;30;154;136;144;13;151;, 5.93055]
[135;48;114;107;102;98;173;104;128;132;140;108;66;84;47;99;88;139;175;119;84;, 5.92812]
[164;7;59;68;29;63;30;54;79;58;92;134;64;103;59;116;35;71;102;18;58;, 5.91874]
[105;23;140;149;78;81;109;108;113;67;127;11;114;29;7;45;154;129;0;113;47;, 5.90172]
[100;27;74;96;122;3;26;15;53;177;162;179;103;93;148;156;137;140;8;71;63;, 5.89173]
[140;172;1;60;127;141;140;67;141;108;93;69;152;15;27;39;74;128;179;151;153;, 5.88863]
[122;11;52;134;31;127;138;148;116;6;156;140;157;16;19;144;120;44;3;93;46;, 5.88408]
[36;131;9;66;166;88;101;20;31;153;44;25;115;143;68;71;22;83;121;176;1;, 5.88012]
[146;58;1;29;55;33;67;70;115;89;45;166;118;69;104;45;156;105;120;70;90;, 5.88012]
[100;136;113;3;12;66;160;103;66;13;162;55;82;130;14;149;161;43;35;18;65;, 5.87598]
[37;46;23;161;160;88;91;30;175;138;118;74;29;18;101;51;59;143;88;141;68;, 5.87331]
[94;174;126;86;140;62;76;84;41;61;137;94;23;105;105;139;69;15;122;128;160;, 5.86865]
[24;163;8;141;159;16;98;54;97;26;139;83;169;48;71;20;159;97;82;179;115;, 5.86865]
[76;21;140;28;164;4;0;21;18;110;69;131;126;124;24;86;123;34;99;7;43;, 5.84401]
[161;119;23;81;4;107;149;30;35;90;16;118;48;154;53;58;98;155;149;103;176;, 5.83467]
[180;58;47;131;166;162;117;119;85;159;90;65;177;152;62;125;44;94;90;101;141;, 5.83467]
[137;115;179;109;19;118;111;117;90;70;81;55;99;45;60;139;31;175;129;143;157;, 5.82838]
[115;56;55;124;166;136;70;1;95;152;150;33;132;102;22;1;16;104;48;176;175;, 5.81637]
[85;107;76;21;106;159;1;102;140;117;57;52;179;82;30;118;39;13;116;149;143;, 5.81637]
[115;56;101;158;89;79;12;6;127;77;99;10;4;124;85;162;151;164;46;118;18;, 5.81179]
[162;72;101;136;75;133;142;117;6;6;148;91;146;162;6;143;48;137;160;0;130;, 5.81179]
[52;22;11;37;18;0;138;3;94;148;145;147;52;145;32;146;178;174;91;115;87;, 5.81104]
[10;96;167;121;164;77;127;104;79;73;159;144;133;20;172;58;19;17;152;74;40;, 5.80568]
[99;22;79;171;104;114;162;157;99;90;83;166;88;17;131;115;136;44;41;63;15;, 5.79899]
[149;118;149;39;110;93;29;119;180;77;56;84;77;110;70;117;123;150;68;95;17;, 5.78807]
[176;142;98;18;57;155;46;143;41;104;169;104;76;170;112;164;31;135;68;90;134;, 5.78439]
[65;80;44;38;25;71;85;125;67;161;110;89;122;133;163;59;120;72;103;162;90;, 5.78439]
[149;14;76;127;94;105;20;106;100;56;15;140;97;31;126;170;0;72;46;169;7;, 5.7754]
[108;40;98;5;138;87;108;86;133;87;172;32;97;40;46;63;121;180;103;52;73;, 5.77357]
[20;39;158;4;151;176;41;125;46;171;4;54;14;180;20;78;17;58;124;112;14;, 5.76013]
[91;56;42;105;3;117;13;51;72;14;146;49;12;158;2;99;14;9;162;29;10;, 5.75728]
[159;28;44;163;97;108;62;26;43;23;171;81;142;111;59;137;158;105;155;88;101;, 5.75464]
[85;80;57;47;34;27;164;162;132;169;39;135;137;178;33;133;157;154;22;37;15;, 5.75464]
[92;104;62;39;51;25;174;135;79;141;116;161;102;57;162;87;121;63;50;64;117;, 5.74471]
[54;47;0;39;44;120;178;115;11;131;61;44;131;92;163;121;121;40;12;156;132;, 5.73659]
[22;13;36;108;141;70;25;24;27;159;3;48;59;20;4;133;20;100;59;33;122;, 5.73659]
[47;1;133;97;148;55;90;43;40;178;131;58;50;32;100;46;38;177;158;115;31;, 5.73466]
[155;52;180;28;81;33;132;28;88;117;153;171;84;105;169;10;154;78;115;85;15;, 5.72867]
[146;45;155;32;111;114;95;150;52;17;113;171;51;58;144;159;56;60;10;147;93;, 5.71285]
[168;46;34;37;100;93;171;79;52;146;138;60;149;26;20;17;63;132;65;155;32;, 5.71168]
[145;42;42;22;58;180;99;174;59;34;154;138;107;21;29;88;14;174;89;87;159;, 5.69755]
[152;49;173;9;106;87;12;21;3;60;162;67;172;10;29;128;114;9;79;75;11;, 5.69755]
[59;74;70;130;43;159;67;174;138;134;33;152;14;89;53;162;48;14;61;179;106;, 5.69448]
[50;137;65;6;92;16;146;86;34;144;143;164;141;70;87;133;84;50;138;71;51;, 5.68894]
[176;82;116;84;54;170;105;130;88;88;105;46;111;130;133;87;163;174;41;96;27;, 5.68894]
[115;145;87;133;41;137;173;4;158;161;31;180;108;39;11;153;39;79;159;35;36;, 5.68659]
[119;177;148;128;34;141;28;86;103;143;151;149;27;40;108;32;145;98;43;116;79;, 5.67687]
[52;14;121;151;6;97;81;177;113;151;175;105;38;4;178;22;141;179;41;108;141;, 5.66813]
[145;166;119;124;179;172;57;3;74;31;12;105;133;57;138;131;53;13;152;150;77;, 5.66813]
[110;151;164;179;161;52;4;73;40;30;13;78;93;21;21;149;83;155;44;86;150;, 5.66743]
[62;76;47;153;103;178;125;12;151;41;93;142;47;36;2;52;17;37;135;104;133;, 5.66743]
[1;177;177;26;112;72;74;12;171;12;25;28;124;74;142;42;40;130;57;150;153;, 5.65613]
[64;114;126;47;29;125;88;153;133;104;39;44;5;97;112;140;35;71;166;6;61;, 5.65511]
[170;150;145;69;6;139;155;162;146;135;72;49;13;92;32;78;95;108;131;88;23;, 5.64293]
[32;148;149;123;124;67;136;136;42;16;123;18;7;13;40;180;112;18;64;164;28;, 5.64293]
[59;21;144;73;92;174;76;89;68;73;23;76;40;133;59;46;43;66;91;137;54;, 5.63712]
[48;116;77;0;132;7;19;120;70;177;35;51;64;167;15;123;45;134;148;67;65;, 5.63454]
[17;102;79;175;164;63;45;34;10;45;34;176;37;51;138;146;104;115;71;110;70;, 5.62987]
[61;124;65;135;28;1;108;57;15;35;95;164;70;76;108;120;123;153;140;176;21;, 5.62351]
[128;132;25;62;140;153;136;124;159;1;73;149;87;167;64;146;64;158;74;153;157;, 5.62351]
[16;12;98;169;91;16;45;49;180;57;3;99;179;25;154;136;134;69;20;103;43;, 5.62315]
[154;10;90;65;115;21;104;97;124;54;165;10;81;110;59;105;47;68;176;33;94;, 5.62085]
[173;96;149;124;135;164;72;105;7;40;30;46;82;35;178;112;61;132;168;26;47;, 5.60671]
[174;62;88;147;55;93;121;63;100;86;61;151;170;11;25;97;6;11;146;105;62;, 5.60671]
[27;93;114;42;103;114;136;35;153;1;104;177;18;70;131;145;9;28;150;3;140;, 5.6037]
[13;152;83;90;33;152;179;109;19;148;123;127;78;128;8;139;49;158;138;160;141;, 5.60332]
[57;94;69;119;35;143;104;173;63;49;117;30;104;84;63;25;94;68;111;7;44;, 5.59499]
[140;131;88;15;44;0;161;90;63;122;114;164;142;56;39;40;176;136;11;156;2;, 5.59344]
[26;81;124;91;79;93;169;35;148;51;59;126;157;25;59;109;79;146;82;127;46;, 5.58576]
[171;78;41;130;135;144;85;101;127;149;96;18;158;105;20;167;177;22;113;145;163;, 5.58576]
[137;50;3;44;148;87;3;30;133;113;46;151;5;76;26;54;43;120;13;81;141;, 5.57633]
[38;168;16;145;11;21;13;51;110;133;124;160;138;180;133;132;36;157;64;177;38;, 5.57633]
[173;133;179;64;168;14;175;153;73;38;127;143;104;164;122;179;89;63;113;14;9;, 5.57595]
[127;179;8;63;139;166;20;40;67;39;157;89;39;53;145;65;141;150;54;166;85;, 5.57149]
[24;174;132;53;31;4;86;101;1;69;74;23;93;165;16;55;14;38;120;150;87;, 5.57047]
[96;66;166;80;112;62;30;104;141;96;146;132;103;65;1;79;3;11;6;102;177;, 5.56871]
[179;151;154;2;119;24;15;131;124;20;153;22;130;101;142;0;77;144;79;3;104;, 5.55759]
[168;72;79;157;163;179;42;142;155;4;41;152;142;15;142;104;148;39;13;161;144;, 5.55585]
[13;65;75;79;141;15;71;166;143;100;27;158;119;0;155;19;12;60;34;11;44;, 5.54804]
[77;57;171;65;92;5;117;28;101;29;99;3;170;91;11;86;148;140;16;77;150;, 5.54804]
[131;2;61;148;149;43;64;63;11;69;70;143;49;79;101;61;43;108;45;100;82;, 5.54483]
[72;73;67;177;59;146;72;19;107;93;154;68;68;18;66;74;32;142;148;105;151;, 5.53853]
[47;113;63;178;77;136;54;168;58;114;164;16;20;151;92;103;93;85;119;6;33;, 5.51783]
[3;180;158;162;180;129;43;123;21;144;35;24;133;25;96;41;135;148;17;9;88;, 5.50764]
[46;118;140;69;10;60;178;147;161;14;117;136;102;168;14;92;161;41;130;8;143;, 5.50261]
[131;158;97;15;126;37;161;73;19;111;180;108;163;45;170;177;121;68;72;53;99;, 5.50261]
[48;131;119;136;144;172;6;79;109;152;100;169;149;54;147;179;36;86;53;129;99;, 5.50197]
[168;156;22;177;171;155;154;170;155;161;93;144;39;129;36;87;0;117;149;42;127;, 5.48505]
[146;143;146;135;19;2;66;135;112;87;38;129;78;68;78;134;106;96;82;48;117;, 5.48505]
[106;154;171;117;120;45;93;177;62;163;164;62;179;150;102;135;67;2;155;100;26;, 5.47114]
[126;22;59;145;72;11;38;26;40;76;156;116;78;148;83;168;165;125;43;103;135;, 5.46437]
[172;52;117;9;33;87;54;8;69;57;103;5;150;180;107;44;165;54;104;117;115;, 5.46351]
[59;38;125;175;162;64;36;29;43;50;33;172;2;177;59;43;33;164;160;120;162;, 5.46333]
[165;86;179;64;118;177;132;48;9;83;1;141;13;97;154;126;36;44;91;20;153;, 5.45137]
[64;153;105;167;38;161;39;169;169;87;163;8;50;171;124;76;175;84;136;43;165;, 5.449]
[39;55;168;37;3;121;18;136;126;70;5;1;174;85;161;173;38;63;26;171;90;, 5.44693]
[128;26;161;64;167;86;118;175;57;126;26;147;163;167;50;43;100;24;53;160;84;, 5.44419]
[84;68;114;69;38;123;161;4;57;180;9;81;42;31;98;48;101;51;2;137;65;, 5.44419]
[93;165;124;80;179;155;58;32;12;38;114;16;1;68;173;52;53;67;46;133;137;, 5.43418]
[54;162;18;77;158;124;75;68;92;161;17;46;28;86;71;110;105;46;4;53;57;, 5.43179]
[164;98;81;67;82;31;60;16;128;146;74;41;33;10;136;173;22;148;8;32;77;, 5.42879]
[13;120;7;7;45;126;2;113;97;35;115;104;71;16;56;147;16;26;27;80;24;, 5.4236]
[74;65;61;124;102;80;147;11;132;16;3;8;152;129;31;42;61;71;93;90;29;, 5.42155]
[67;24;125;126;71;5;3;156;8;74;3;130;162;134;17;79;57;37;81;31;84;, 5.41959]
[2;174;177;85;132;84;28;155;4;150;153;17;15;78;128;43;83;43;104;127;172;, 5.41346]
[163;45;165;113;107;178;1;112;127;120;80;34;110;4;75;106;144;98;41;49;178;, 5.41205]
[107;45;135;170;75;111;61;41;71;168;124;174;43;90;165;77;165;135;112;0;7;, 5.40789]
[176;46;93;62;28;71;149;54;50;77;145;91;34;99;173;83;3;127;63;100;140;, 5.40789]
[64;145;64;130;46;95;137;6;142;162;64;178;179;65;113;119;64;148;103;38;5;, 5.40752]
[178;156;49;16;125;159;27;24;23;55;146;11;84;126;109;114;93;99;110;53;176;, 5.40641]
[0;156;57;47;91;44;3;74;126;12;43;6;132;180;1;62;26;58;108;180;33;, 5.40098]
[49;143;68;31;86;128;86;16;178;22;7;0;80;126;171;35;144;102;83;76;139;, 5.35972]
[105;123;123;32;35;104;82;124;170;74;64;176;103;96;120;143;172;86;154;39;123;, 5.3509]
[126;128;168;167;110;43;67;45;98;165;55;4;99;171;46;75;134;170;0;48;179;, 5.33973]
[158;165;86;140;77;136;57;168;140;81;176;143;172;130;147;122;104;87;143;63;75;, 5.33687]
[147;106;120;140;28;74;173;84;110;69;151;153;112;69;59;135;25;55;107;168;38;, 5.32567]
[5;31;64;140;118;146;49;171;40;49;64;124;164;36;45;99;28;156;177;110;117;, 5.31989]
[50;75;140;172;164;165;5;100;64;13;140;37;116;150;138;147;162;73;73;57;58;, 5.31357]
[11;109;97;65;102;140;78;56;74;133;110;78;35;15;105;90;132;60;104;160;43;, 5.31086]
[15;88;68;134;140;162;155;138;26;84;92;141;117;6;142;144;108;6;160;85;101;, 5.30803]
[142;51;14;175;138;62;179;122;4;65;59;2;179;68;60;40;156;75;40;84;168;, 5.29168]
[46;71;166;146;81;3;77;79;94;32;157;172;64;32;23;168;168;166;83;75;48;, 5.29168]
[41;66;25;52;150;107;67;167;91;48;31;64;89;134;76;171;63;119;4;22;2;, 5.29016]
[87;88;29;93;137;90;160;171;147;75;79;178;63;135;26;54;28;69;93;63;180;, 5.2842]
[125;118;53;38;21;36;158;131;50;125;107;81;58;159;18;23;92;31;14;142;69;, 5.28349]
[37;110;157;51;96;5;80;106;3;175;123;29;49;97;132;40;122;55;106;70;42;, 5.25161]
[2;9;126;115;167;76;96;58;8;21;35;97;168;3;178;76;122;18;57;29;173;, 5.24974]
[47;39;32;92;139;81;178;108;44;178;37;26;152;101;162;40;87;41;171;59;154;, 5.24884]
[34;157;17;54;120;105;101;16;104;54;121;18;35;117;32;164;36;104;152;103;22;, 5.24884]
[132;160;4;18;25;117;100;72;73;113;144;138;73;80;105;4;162;175;103;174;150;, 5.23191]
[152;16;156;143;45;129;172;10;113;4;43;86;31;143;15;21;127;68;136;37;16;, 5.23118]
[3;18;170;120;38;9;10;113;96;166;164;127;175;7;83;109;106;101;15;48;114;, 5.22799]
[156;162;120;57;5;148;170;15;78;23;116;176;73;88;36;47;145;132;161;7;2;, 5.2254]
[142;68;152;116;146;80;33;5;5;51;178;121;85;105;132;72;97;128;1;99;39;, 5.2136]
[164;129;53;82;155;139;175;13;96;113;172;27;104;76;88;59;36;38;119;8;100;, 5.21195]
[26;174;58;87;133;97;43;109;178;127;54;161;18;103;177;63;146;54;57;148;112;, 5.21035]
[117;104;143;140;90;166;104;94;24;111;10;27;117;133;138;115;130;143;143;44;7;, 5.20628]
[155;59;46;130;122;38;27;28;41;172;81;32;176;129;17;48;145;114;13;170;45;, 5.20611]
[59;180;21;174;46;40;154;127;134;62;35;174;93;23;21;64;70;172;150;91;74;, 5.20544]
[78;161;25;40;83;121;31;149;13;2;98;94;71;60;70;15;126;139;97;119;47;, 5.19582]
[79;74;54;11;49;34;84;60;92;162;22;39;83;149;154;154;176;83;20;163;71;, 5.19298]
[2;137;52;149;136;46;134;7;84;8;94;9;81;84;107;65;94;84;114;14;34;, 5.19023]
[92;74;22;60;110;157;116;151;105;33;98;102;6;158;41;23;62;126;24;31;71;, 5.18691]
[35;136;120;129;110;173;121;62;133;134;42;19;11;68;2;2;0;22;129;36;134;, 5.17618]
[14;72;149;37;113;60;22;159;119;124;14;1;17;15;74;98;24;117;122;23;127;, 5.17527]
[136;84;81;21;77;41;172;106;141;156;130;139;49;52;137;156;36;79;130;45;69;, 5.17414]
[27;0;126;92;118;163;24;30;95;89;161;28;160;176;124;133;20;140;97;101;104;, 5.1711]
[10;99;89;110;123;56;122;90;78;155;89;44;7;56;82;157;33;50;110;153;53;, 5.15618]
[131;137;135;34;25;57;113;156;144;71;96;178;87;44;13;44;85;27;103;51;147;, 5.15618]
[177;157;33;132;47;70;74;4;8;41;47;57;22;26;138;109;75;36;70;137;82;, 5.15475]
[47;107;62;40;19;15;178;37;90;69;80;8;60;52;55;61;164;110;67;24;115;, 5.14122]
[151;101;140;45;63;10;41;111;98;1;125;88;55;69;148;150;148;139;112;84;137;, 5.14122]
[159;14;177;23;17;113;110;18;150;126;108;49;168;96;57;88;66;132;145;110;129;, 5.13244]
[179;23;114;15;130;65;127;87;158;50;35;95;36;93;22;63;46;129;136;86;39;, 5.12614]
[141;157;31;159;48;141;40;100;2;170;138;76;13;168;125;126;139;149;41;131;11;, 5.12614]
[156;118;81;14;47;158;153;123;41;76;73;115;117;74;142;27;68;178;54;38;150;, 5.12501]
[177;12;111;12;41;80;25;82;54;34;135;169;174;109;153;129;174;29;57;98;76;, 5.12501]
[31;60;34;145;107;50;87;12;3;74;168;43;26;40;73;3;158;0;131;178;32;, 5.12357]
[167;100;97;57;92;77;1;145;51;39;156;54;73;162;63;84;70;128;47;41;39;, 5.1215]
[61;12;151;109;40;84;137;179;62;89;11;23;156;160;94;63;119;51;118;13;135;, 5.11684]
[7;32;102;171;16;131;102;46;78;89;50;151;20;21;124;107;132;165;126;180;55;, 5.10852]
[154;79;114;28;168;28;179;156;155;40;96;3;100;43;23;86;2;121;31;173;46;, 5.10778]
[160;82;77;85;158;3;145;64;0;146;124;69;59;110;117;42;163;74;47;56;136;, 5.10186]
[92;13;86;33;168;159;42;95;94;41;30;36;14;173;130;148;163;34;131;67;85;, 5.09605]
[19;160;47;15;73;135;26;30;135;159;21;179;93;14;25;108;111;179;135;115;22;, 5.09521]
[45;121;154;142;80;14;79;94;41;56;164;150;146;108;12;50;26;17;14;57;127;, 5.09521]
[100;36;180;71;43;93;127;163;40;105;96;48;110;21;48;128;16;26;85;95;166;, 5.09201]
[100;11;141;10;95;72;79;64;147;40;98;63;128;14;153;126;174;116;131;116;116;, 5.08117]
[56;39;33;78;135;178;168;166;96;31;48;47;135;51;42;167;53;143;124;113;98;, 5.07214]
[51;32;171;39;60;128;134;154;142;37;4;119;178;122;151;161;61;179;156;92;114;, 5.06799]
[145;39;52;176;125;1;75;109;3;109;53;40;156;165;114;74;133;140;20;47;165;, 5.05988]
[109;37;86;121;44;121;176;54;2;30;88;63;16;123;108;106;62;46;65;18;7;, 5.04847]
[88;79;13;169;37;96;77;157;53;56;112;178;1;102;175;60;43;141;66;34;31;, 5.04847]
[72;118;80;120;48;54;12;127;89;107;55;4;38;148;5;54;155;25;147;164;169;, 5.04768]
[166;59;117;46;5;156;177;178;87;94;20;143;123;36;145;133;161;105;53;63;144;, 5.04624]
[16;162;138;143;27;33;4;67;65;118;77;71;119;40;122;122;129;48;155;170;116;, 5.04624]
[19;44;26;158;149;60;102;103;174;137;12;56;135;32;8;130;118;47;59;1;23;, 5.04435]
[129;72;22;24;95;34;21;24;32;178;114;79;40;125;50;66;103;61;57;80;59;, 5.03885]
[8;100;13;9;136;109;25;132;120;142;78;109;89;93;16;75;0;165;112;86;143;, 5.03854]
[145;25;168;179;73;114;172;52;112;13;109;26;147;41;130;66;154;144;163;165;153;, 5.03854]
[96;83;37;52;178;7;21;69;164;94;3;93;156;36;150;81;40;58;115;57;28;, 5.03467]
[120;51;115;43;171;144;105;37;86;157;164;1;60;175;180;108;24;143;140;24;18;, 5.03071]
[128;76;159;84;102;42;108;68;95;48;46;102;97;155;59;105;56;16;128;61;104;, 5.01882]
[167;7;135;91;69;14;28;11;7;96;123;65;22;40;153;15;11;68;124;49;37;, 5.01882]
[138;163;65;176;5;136;163;110;12;89;41;43;170;133;170;104;2;138;42;171;177;, 5.01771]
[6;171;40;160;120;20;57;35;156;140;164;32;135;142;99;65;147;45;29;96;91;, 5.01243]
[150;131;109;91;99;59;13;81;140;163;153;66;152;97;179;128;143;25;79;173;59;, 5.01243]
[13;143;25;38;17;84;169;96;172;163;162;150;146;157;62;175;150;53;114;35;35;, 5.00596]
[60;136;27;44;154;69;147;13;137;29;12;23;66;144;68;17;150;132;63;149;156;, 5.00554]
[58;158;11;83;21;128;122;88;166;90;141;92;56;66;53;57;107;105;121;168;57;, 4.9987]
[164;80;25;56;119;155;143;49;67;107;91;93;43;53;175;146;83;42;133;155;140;, 4.99587]
[161;96;83;35;164;26;102;143;136;22;3;0;85;103;8;126;40;79;0;100;42;, 4.99092]
[31;11;155;3;77;31;98;129;24;141;126;83;149;140;95;115;77;97;40;4;115;, 4.9903]
[161;38;56;80;27;13;129;81;29;93;36;85;118;145;59;145;38;13;40;169;108;, 4.99008]
[113;25;171;25;62;35;106;149;98;56;95;89;1;121;147;28;86;139;114;82;173;, 4.97468]
[57;103;4;127;37;42;125;144;171;166;102;107;115;139;54;155;174;78;16;46;13;, 4.97468]
[43;13;167;120;10;114;54;169;52;116;178;88;104;72;11;41;93;75;18;100;5;, 4.9711]
[19;109;94;160;9;3;123;143;66;33;7;21;109;128;115;99;92;29;121;75;109;, 4.96506]
[155;55;136;148;148;163;131;78;162;69;20;70;78;82;146;78;91;20;23;156;81;, 4.96506]
[97;79;101;49;80;170;48;55;125;32;151;26;31;165;44;9;17;63;66;36;134;, 4.96437]
[113;15;17;124;121;2;32;171;3;123;73;126;86;66;67;172;83;119;169;51;85;, 4.96161]
[149;54;99;29;85;91;116;18;81;48;156;6;167;144;170;26;27;74;169;105;31;, 4.96161]
[65;16;67;118;145;108;6;120;142;152;54;77;103;166;84;179;61;168;96;23;146;, 4.95845]
[46;42;171;111;89;17;34;135;76;77;113;72;38;16;54;41;59;28;8;79;88;, 4.95674]
[162;154;52;95;14;57;76;112;71;147;58;12;35;89;0;97;53;130;154;146;114;, 4.95435]
[82;110;108;141;71;125;3;176;98;75;27;20;94;146;97;95;88;61;147;3;64;, 4.95315]
[151;159;161;104;88;174;30;72;159;79;148;5;39;144;124;160;169;131;131;106;87;, 4.93385]
[160;23;107;99;57;154;94;124;47;28;141;131;16;172;60;97;17;134;179;175;100;, 4.93247]
[139;13;87;116;20;164;29;111;38;146;68;64;144;151;180;25;66;90;43;46;160;, 4.93247]
[132;63;101;123;30;13;90;100;25;45;124;112;104;167;131;178;162;162;148;18;134;, 4.9321]
[90;163;42;13;165;74;74;140;71;112;24;142;162;107;17;84;4;63;169;79;73;, 4.93061]
[32;87;97;152;172;131;157;160;12;179;117;158;177;125;122;115;139;16;101;46;67;, 4.92762]
[72;56;77;59;95;84;158;29;53;93;164;12;23;95;153;12;139;128;116;21;176;, 4.91812]
[141;119;53;0;82;98;97;14;124;161;35;64;154;136;59;109;76;134;46;121;152;, 4.91582]
[129;175;120;76;155;19;24;9;125;70;70;94;92;39;78;165;2;133;140;72;48;, 4.91551]
[135;178;168;13;92;49;60;64;33;176;162;12;18;138;77;141;33;49;29;96;55;, 4.90871]
[134;61;156;67;25;123;166;133;41;86;111;63;155;36;17;64;29;143;38;40;132;, 4.90422]
[141;8;132;117;108;127;0;172;159;149;136;8;43;79;121;97;179;106;72;29;114;, 4.89955]
[65;142;90;159;91;101;44;179;175;107;68;53;130;102;55;83;151;81;162;155;106;, 4.89397]
[140;147;87;149;161;94;40;48;9;118;72;102;157;0;164;128;142;82;114;75;62;, 4.89397]
[73;139;169;80;44;170;105;159;3;24;75;63;93;120;175;77;87;51;70;60;151;, 4.87996]
[5;50;71;68;155;112;105;172;154;126;163;112;31;43;141;43;5;69;10;89;65;, 4.87996]
[60;172;114;43;57;111;95;167;4;56;136;74;103;5;176;77;64;132;137;31;143;, 4.87994]
[128;179;85;85;27;74;133;2;96;34;91;109;30;135;33;137;154;133;0;139;9;, 4.87878]
[157;122;177;145;157;141;59;67;83;161;8;47;39;49;121;175;3;93;176;5;20;, 4.87633]
[128;54;164;89;160;53;136;52;54;100;141;166;57;158;10;117;92;91;105;75;53;, 4.87047]
[57;12;158;118;90;110;82;17;30;10;57;51;135;147;67;110;61;62;138;13;95;, 4.86879]
[105;19;72;26;125;116;152;56;76;152;13;90;80;34;5;159;9;65;95;160;161;, 4.8547]
[102;37;101;27;7;150;42;87;86;75;151;119;39;128;98;136;71;53;109;80;155;, 4.85397]
[68;130;148;163;19;50;37;82;123;110;80;81;149;93;27;137;136;29;22;66;75;, 4.85397]
[55;13;78;158;31;147;41;17;39;54;147;153;40;156;131;71;177;52;76;52;53;, 4.85331]
[83;158;159;103;129;159;98;42;76;38;154;149;76;39;87;18;69;170;115;171;73;, 4.84591]
[48;18;43;104;12;92;86;40;38;79;91;29;139;118;132;101;48;27;59;105;90;, 4.84591]
[105;129;122;116;122;87;162;148;175;50;32;19;88;11;172;53;142;113;165;54;9;, 4.8429]
[136;46;57;141;45;63;145;37;130;164;80;169;156;63;70;34;173;2;4;55;60;, 4.83747]
[53;22;34;32;93;13;98;66;86;79;14;42;135;169;123;150;5;35;178;121;39;, 4.83093]
[180;66;104;32;18;103;117;96;140;163;118;100;45;121;159;118;69;54;131;178;30;, 4.81857]
[101;69;119;179;138;99;13;75;63;108;46;147;2;54;117;37;61;85;161;160;119;, 4.81759]
[106;75;49;17;140;26;9;120;135;119;177;173;68;169;142;158;95;117;131;105;31;, 4.81623]
[33;51;160;124;18;44;141;107;38;45;19;111;160;45;76;54;127;91;114;107;58;, 4.81415]
[55;167;85;22;59;60;109;162;71;30;159;113;116;4;154;77;2;70;37;124;162;, 4.81105]
[30;109;158;28;91;16;30;87;9;26;103;47;124;123;116;48;20;65;109;122;150;, 4.81105]
[154;144;90;70;138;164;74;156;86;65;157;101;56;17;149;77;136;26;3;160;167;, 4.80994]
[42;117;137;84;32;140;139;126;25;32;92;171;61;29;88;99;120;170;112;25;175;, 4.80282]
[22;99;113;15;21;1;51;169;34;109;78;51;149;41;179;154;58;149;171;117;124;, 4.80282]
[95;81;29;1;165;91;105;111;174;131;76;5;157;8;82;23;165;0;151;158;1;, 4.79349]
[136;82;60;43;92;15;22;0;145;152;161;91;68;46;162;28;172;128;152;91;35;, 4.78528]
[170;20;126;78;47;0;9;91;54;122;2;28;130;34;137;71;45;122;131;78;112;, 4.78431]
[87;20;9;52;18;29;178;90;22;170;164;33;75;93;109;30;101;80;164;75;130;, 4.78179]
[84;173;165;92;177;75;74;106;119;42;47;71;140;43;173;160;43;74;70;144;110;, 4.78178]
[38;147;27;47;26;57;9;118;39;2;111;103;36;32;145;91;41;33;154;174;21;, 4.78044]
[108;158;180;7;18;66;113;178;139;69;146;176;164;141;61;155;88;126;150;16;15;, 4.78041]
[162;111;122;27;1;58;178;50;70;70;97;28;92;119;158;72;10;136;10;130;54;, 4.77789]
[113;71;65;80;12;55;168;167;122;5;12;166;95;147;154;128;152;2;28;108;25;, 4.7749]
[107;156;123;81;56;36;158;151;90;74;40;34;142;103;53;129;24;171;28;168;161;, 4.77122]
[76;139;135;32;110;89;154;95;51;89;100;8;56;107;33;74;152;97;136;35;111;, 4.76998]
[25;93;50;98;35;148;57;1;159;25;139;43;131;53;160;161;79;55;3;26;71;, 4.76998]
[44;69;4;106;79;49;27;97;105;44;169;20;60;175;179;130;47;164;38;95;88;, 4.76813]
[148;142;70;115;9;129;171;96;41;40;98;22;169;107;165;36;146;108;116;156;173;, 4.7681]
[133;160;30;53;51;116;17;80;21;173;92;41;138;115;128;47;39;29;66;167;91;, 4.76473]
[114;60;104;118;64;42;6;62;166;70;37;5;159;124;37;74;13;124;34;85;138;, 4.76473]
[30;80;128;130;43;134;51;42;79;5;172;20;169;44;126;11;60;22;169;108;124;, 4.76366]
[13;172;128;54;40;85;69;148;11;100;27;115;135;178;41;6;60;71;103;164;126;, 4.76304]
[103;115;140;161;165;43;38;52;176;176;173;176;30;167;32;9;86;115;83;136;65;, 4.76019]
[38;170;94;20;1;172;98;126;7;54;29;12;70;89;54;29;60;97;31;152;7;, 4.75258]
[146;47;48;35;5;96;117;118;73;142;130;146;139;13;152;90;92;124;105;85;49;, 4.74886]
[96;95;133;157;162;47;150;58;107;173;7;36;78;57;113;129;14;97;154;23;3;, 4.74847]
[163;74;98;140;157;99;64;159;84;18;88;99;154;80;142;20;23;16;159;55;139;, 4.74783]
[19;32;36;132;60;158;166;47;51;61;135;84;107;68;68;119;27;99;27;69;122;, 4.74783]
[25;4;101;48;70;168;0;111;129;113;121;10;163;174;125;139;39;88;6;55;146;, 4.74627]
[171;163;32;77;41;3;141;34;139;86;57;47;39;2;154;18;26;139;96;57;56;, 4.74559]
[82;56;154;39;147;2;105;76;67;166;119;57;162;110;65;0;153;145;149;109;156;, 4.74514]
[102;60;49;22;16;32;74;95;66;11;35;75;67;19;18;39;114;180;119;120;178;, 4.74498]
[69;170;102;155;149;39;94;43;47;117;123;21;179;126;173;147;34;145;1;122;29;, 4.73749]
[71;174;110;75;5;169;122;69;116;54;98;162;129;112;24;72;15;163;139;84;40;, 4.73655]
[138;122;137;174;179;53;37;45;158;155;166;86;154;108;152;142;47;90;43;59;64;, 4.73655]
[33;60;77;57;104;23;37;18;2;22;7;141;122;98;82;106;63;139;52;139;108;, 4.73372]
[129;166;126;5;84;164;72;94;47;37;50;10;116;24;42;169;162;67;51;26;22;, 4.72917]
[11;175;91;67;15;39;150;101;61;118;29;8;90;111;107;152;170;116;69;65;60;, 4.72898]
[123;12;105;147;119;87;146;55;84;35;85;24;115;83;176;101;65;67;6;118;75;, 4.72897]
[109;17;41;152;47;156;37;79;154;57;163;109;129;114;159;119;69;130;136;163;45;, 4.72798]
[180;180;136;21;81;166;152;37;175;46;105;74;156;46;42;132;36;21;90;2;142;, 4.72126]
[86;76;49;105;164;168;15;176;177;130;168;30;117;36;72;177;64;65;37;64;72;, 4.71899]
[126;4;133;107;68;23;109;101;4;155;135;16;172;12;47;32;29;101;177;30;180;, 4.71863]
[167;133;107;154;113;62;8;38;12;159;106;141;113;66;153;16;111;119;161;129;114;, 4.71863]
[31;57;164;108;124;112;35;96;74;71;18;78;176;20;173;10;144;79;78;68;105;, 4.71828]
[92;147;132;113;147;127;92;109;124;22;144;86;7;66;126;98;175;173;83;73;41;, 4.71457]
[39;43;144;71;180;79;161;15;58;149;72;176;93;168;126;50;34;30;142;71;0;, 4.71312]
[99;45;78;102;161;67;143;2;42;53;29;3;68;85;16;43;8;21;78;100;86;, 4.70427]
[9;171;22;85;154;79;83;121;9;158;72;144;74;180;84;154;170;58;170;4;127;, 4.70406]
[173;29;172;113;16;145;153;179;178;171;17;12;34;135;101;0;83;7;70;108;179;, 4.70406]
[140;55;107;106;67;55;38;137;156;122;103;68;158;98;53;153;106;30;125;106;110;, 4.70379]
[66;6;166;96;83;131;172;23;136;114;49;71;21;37;164;19;110;54;17;64;117;, 4.70292]
[77;70;34;21;37;73;111;64;93;83;174;52;99;148;145;159;116;74;150;34;85;, 4.69783]
[86;151;86;65;0;73;42;161;35;45;156;61;14;94;27;2;18;30;56;142;61;, 4.69575]
[94;124;27;15;6;19;133;168;171;170;31;101;140;23;136;124;145;159;10;1;65;, 4.69548]
[170;12;114;42;62;60;25;55;177;42;173;68;140;5;16;111;4;21;147;8;35;, 4.69548]
[89;157;149;131;110;154;132;178;12;61;124;117;65;14;109;79;41;164;173;176;16;, 4.6936]
[100;35;123;56;131;56;132;25;84;53;106;138;78;85;65;172;52;13;36;115;127;, 4.6936]
[173;5;179;93;43;134;67;91;81;0;84;144;125;167;91;60;69;129;118;7;161;, 4.69211]
[13;178;19;177;73;49;92;18;16;133;86;45;168;11;27;173;15;50;95;71;177;, 4.69053]
[148;87;152;24;145;163;176;111;54;125;77;86;152;177;67;107;6;124;80;170;2;, 4.69053]
[63;142;103;17;110;160;121;108;87;31;86;62;52;18;72;47;118;136;57;116;144;, 4.68982]
[1;59;110;9;5;142;148;41;127;144;70;43;177;70;106;31;117;126;126;62;67;, 4.68531]
[114;75;35;170;138;0;45;155;11;2;120;179;151;136;109;108;157;47;59;78;28;, 4.68349]
[123;152;14;114;21;116;22;157;127;74;180;179;18;174;56;126;0;25;34;19;164;, 4.68146]
[28;180;45;11;120;169;0;28;63;41;175;71;83;97;158;34;140;72;26;149;13;, 4.67778]
[37;107;92;52;4;111;98;41;143;14;146;45;73;15;149;100;13;26;57;155;64;, 4.67411]
[166;131;75;69;28;21;77;16;158;73;151;76;29;5;99;113;3;60;4;24;24;, 4.67073]
[136;87;64;97;16;124;130;154;45;131;126;148;147;42;19;74;65;34;75;165;1;, 4.66884]
[3;121;84;135;153;99;20;14;69;23;127;22;22;40;121;20;119;72;128;79;31;, 4.6662]
[150;23;64;167;156;147;54;146;139;155;15;22;175;171;140;161;101;144;64;88;111;, 4.6662]
[173;72;118;5;114;90;148;45;32;41;125;167;145;2;47;33;18;24;72;40;1;, 4.66315]
[161;61;59;110;72;179;141;178;89;180;113;12;26;28;142;48;108;119;164;146;103;, 4.66214]
[103;169;75;121;78;21;47;14;93;9;173;137;165;104;51;165;121;150;155;89;75;, 4.66214]
[115;120;178;109;43;116;143;95;96;64;58;175;21;63;138;169;108;163;44;178;179;, 4.66001]
[167;10;93;154;112;25;68;85;16;39;92;180;27;87;136;24;74;93;100;35;89;, 4.65805]
[178;51;169;22;106;37;12;8;68;69;127;163;131;137;178;130;35;36;89;7;168;, 4.64918]
[113;149;30;27;166;153;150;105;166;141;40;55;81;149;4;172;6;98;70;141;171;, 4.64625]
[160;78;27;91;85;67;120;16;28;140;96;180;161;150;25;5;131;120;48;3;63;, 4.64387]
[73;63;69;101;8;69;40;54;166;141;50;174;0;74;111;96;33;168;63;80;80;, 4.6338]
[135;87;115;40;132;137;142;92;55;168;138;153;83;89;56;167;79;108;160;68;91;, 4.62367]
[69;35;67;50;25;179;101;6;140;9;71;117;74;51;9;178;118;114;157;43;86;, 4.62171]
[168;12;127;35;57;93;128;133;131;5;109;119;144;130;19;89;33;54;105;156;4;, 4.62171]
[74;41;40;146;152;146;154;14;124;45;54;157;151;21;108;115;3;34;167;64;36;, 4.6201]
[85;180;101;157;87;139;134;73;101;95;18;42;127;28;116;77;109;156;34;115;68;, 4.61834]
[154;46;56;156;80;43;85;42;158;176;69;94;3;75;86;138;30;83;54;25;150;, 4.61535]
[150;21;33;71;165;33;133;36;28;104;177;0;13;69;45;99;161;22;157;63;111;, 4.61185]
[114;162;50;62;98;54;134;178;124;19;127;164;96;125;116;172;16;40;10;14;44;, 4.61185]
[167;107;154;19;117;170;146;169;43;172;25;53;54;31;89;46;124;63;64;111;126;, 4.61049]
[115;70;179;28;100;26;167;28;74;13;26;131;156;109;75;75;125;5;134;8;98;, 4.60493]
[13;68;52;167;45;48;65;162;40;127;108;64;46;112;39;125;2;112;121;68;15;, 4.60493]
[41;53;15;91;168;99;105;121;94;169;165;16;62;61;58;165;134;129;94;171;19;, 4.60457]
[146;66;138;57;180;63;67;46;168;143;85;113;44;96;148;4;78;59;143;165;128;, 4.59832]
[135;148;142;96;131;136;168;125;25;6;35;56;47;8;154;17;15;164;19;92;119;, 4.5937]
[50;146;112;37;73;9;145;45;87;138;71;150;63;63;112;119;92;83;106;179;47;, 4.58986]
[90;127;85;140;95;145;64;69;62;92;31;32;173;40;103;144;170;129;149;131;84;, 4.58986]
[137;9;30;174;3;150;135;95;9;106;167;59;111;119;125;167;151;90;118;151;66;, 4.58814]
[135;150;116;176;131;168;179;100;56;98;108;164;170;114;24;43;14;83;58;153;114;, 4.58731]
[56;0;64;121;168;131;55;101;138;90;173;123;33;109;27;117;37;162;108;57;8;, 4.58731]
[128;64;89;25;7;49;30;149;158;31;150;118;9;176;119;78;10;55;48;154;165;, 4.58543]
[59;172;132;64;139;116;18;87;31;79;79;32;126;46;10;168;57;168;53;142;12;, 4.58446]
[49;148;167;102;8;173;170;64;78;144;72;90;62;134;85;85;66;64;156;166;61;, 4.58313]
[10;120;67;112;152;98;38;150;54;4;55;95;22;2;66;127;25;168;165;145;159;, 4.57768]
[19;27;140;30;30;71;145;103;122;11;49;147;146;143;49;165;72;59;30;173;8;, 4.57328]
[118;27;50;91;26;175;162;143;125;86;115;173;21;124;4;139;47;93;26;106;137;, 4.56945]
[120;44;126;16;97;128;28;11;151;87;0;171;25;129;121;129;172;38;149;85;33;, 4.56945]
[56;179;36;46;104;151;65;151;150;153;125;48;124;140;87;179;49;88;127;3;86;, 4.56926]
[39;63;79;28;140;161;94;64;114;165;74;68;7;114;144;148;21;97;112;109;70;, 4.56301]
[101;31;143;117;99;152;14;37;129;61;115;34;74;5;138;172;152;12;154;141;8;, 4.56301]
[47;12;28;125;99;83;115;17;148;164;110;87;161;73;163;85;64;14;98;66;54;, 4.56207]
[56;158;124;69;168;53;167;110;171;84;90;85;110;27;4;48;88;161;129;7;137;, 4.56062]
[97;14;147;84;101;149;170;102;79;24;6;44;69;105;127;108;36;81;101;68;112;, 4.56011]
[106;41;165;158;52;123;96;175;69;179;120;148;1;94;158;16;110;76;53;36;38;, 4.55444]
[124;104;154;86;71;45;111;78;20;141;158;160;120;164;65;158;59;177;58;159;148;, 4.55388]
[123;27;103;164;147;60;95;132;152;119;114;24;98;10;164;178;102;128;176;28;91;, 4.55336]
[10;160;142;7;9;77;15;140;123;163;173;86;153;45;128;24;96;14;53;37;15;, 4.55239]
[64;85;14;116;88;47;35;129;176;103;76;136;36;23;142;8;178;17;151;171;94;, 4.55239]
[17;100;5;64;9;168;3;44;150;67;114;114;78;108;105;139;106;167;84;69;61;, 4.55192]
[36;25;163;103;19;108;21;94;84;63;5;101;19;96;55;80;17;155;85;77;151;, 4.54979]
[127;74;32;72;120;35;124;62;30;106;138;108;87;175;149;92;143;174;149;93;30;, 4.5482]
[169;134;118;57;121;48;21;47;36;51;177;150;120;179;180;58;151;76;45;176;5;, 4.54348]
[168;28;53;54;177;0;21;126;17;19;160;174;127;81;101;79;177;11;125;158;7;, 4.54023]
[132;41;121;90;143;74;9;54;92;90;79;28;5;91;132;63;129;169;169;175;99;, 4.54023]
[3;37;75;144;45;159;39;35;110;179;59;40;134;56;141;9;58;98;17;123;122;, 4.53791]
[138;25;5;102;93;103;63;101;133;59;152;64;176;43;102;89;157;117;31;85;127;, 4.53791]
[21;75;143;118;77;148;53;141;73;176;90;19;2;153;110;148;112;176;1;102;157;, 4.5373]
[85;14;161;18;46;0;142;63;58;170;142;96;80;26;116;85;62;132;31;29;98;, 4.5373]
[113;74;139;166;15;9;132;150;130;2;0;27;51;119;24;5;145;51;148;146;40;, 4.53726]
[106;150;70;157;126;33;130;151;2;50;6;23;37;67;145;18;115;51;48;31;178;, 4.53376]
[141;20;140;146;99;11;161;17;141;93;101;96;171;176;81;178;163;103;32;77;69;, 4.53311]
[125;133;35;72;102;31;112;21;114;58;55;112;20;105;120;1;108;109;149;6;6;, 4.53182]
[113;89;165;148;120;170;33;62;168;34;52;140;57;52;132;179;151;68;102;155;56;, 4.53165]
[87;25;180;148;59;136;24;18;156;112;107;45;43;81;4;126;64;60;20;136;105;, 4.52169]
[29;180;77;31;110;5;36;35;85;150;39;58;113;119;6;176;144;99;32;167;139;, 4.51894]
[90;66;131;138;127;134;138;156;99;141;60;8;65;47;88;72;117;26;74;170;47;, 4.51728]
[71;166;160;44;76;55;167;27;122;85;84;171;169;175;164;32;25;46;101;69;94;, 4.51295]
[130;98;39;101;166;172;167;50;166;89;87;158;175;104;105;67;88;97;84;13;56;, 4.50854]
[60;60;149;32;26;18;4;94;69;23;82;102;40;4;119;90;84;170;138;152;50;, 4.5083]
[152;71;29;169;130;91;17;118;127;175;27;140;31;89;113;169;36;26;104;74;32;, 4.50797]
[176;74;95;129;67;41;127;155;67;21;99;18;58;177;16;92;93;171;110;39;84;, 4.50118]
[119;14;29;174;97;126;19;30;139;80;74;50;133;147;58;23;106;176;169;28;78;, 4.49788]
[96;98;162;14;7;147;32;107;140;157;70;163;57;172;14;116;46;80;172;48;40;, 4.49708]
[96;78;151;14;25;27;12;22;70;22;122;100;125;126;152;32;157;61;73;105;77;, 4.49708]
[119;108;114;136;76;49;62;120;59;86;137;17;55;85;14;22;144;111;18;152;106;, 4.48766]
[86;67;175;19;165;86;104;73;73;176;115;143;107;152;91;1;20;146;62;24;123;, 4.48576]
[44;119;116;16;125;111;52;108;156;0;55;138;150;172;119;145;45;68;3;127;137;, 4.48164]
[123;102;75;4;48;18;49;29;99;113;142;5;133;143;31;25;58;129;46;66;51;, 4.47545]
[58;40;116;5;75;115;157;11;170;93;72;90;125;50;111;94;81;162;2;58;115;, 4.46969]
[106;69;76;0;109;93;26;66;97;44;93;108;108;133;34;156;8;153;3;103;62;, 4.46766]
[92;159;177;71;123;177;168;151;140;42;118;162;168;176;169;111;98;145;49;3;66;, 4.46337]
[33;151;160;130;88;115;34;93;90;179;178;38;144;15;85;5;22;130;141;76;180;, 4.45442]
[5;90;129;88;135;159;6;82;20;3;113;5;65;16;50;78;47;167;52;37;21;, 4.45153]
[154;76;166;59;46;66;115;78;59;100;139;13;139;74;90;2;37;147;172;44;69;, 4.43943]
[65;84;86;96;153;108;41;107;113;69;97;173;180;158;73;153;17;40;31;68;87;, 4.43793]
[130;47;133;96;147;128;36;130;50;7;4;172;112;172;152;137;106;75;88;77;164;, 4.43758]
[48;60;36;51;83;27;30;102;91;106;92;135;99;93;130;146;18;99;135;42;12;, 4.43654]
[68;171;145;59;173;47;12;63;118;38;41;158;18;5;49;36;54;121;15;49;7;, 4.43653]
[57;97;84;49;139;7;24;145;83;176;125;39;22;151;95;164;180;25;79;172;82;, 4.435]
[142;86;139;19;50;75;170;100;24;47;176;108;162;122;141;72;5;61;62;105;11;, 4.435]
[3;157;6;134;15;125;106;37;117;19;162;133;104;25;23;140;151;172;87;125;87;, 4.42764]
[87;54;137;143;60;19;148;140;27;25;46;109;91;157;94;133;173;148;39;98;169;, 4.41766]
[174;148;48;38;60;19;89;47;31;135;165;3;171;53;8;101;109;36;131;21;19;, 4.41766]
[15;116;161;7;146;178;178;107;91;58;113;76;65;16;154;45;106;37;59;72;25;, 4.41297]
[35;122;159;154;69;83;138;131;47;49;168;24;137;118;63;32;76;149;112;66;83;, 4.40958]
[7;58;130;87;127;107;137;77;37;66;33;161;39;64;1;110;156;127;129;79;75;, 4.40958]
[46;161;159;80;41;137;178;179;85;128;36;164;131;127;131;113;76;156;6;29;4;, 4.39248]
[89;178;9;24;163;40;170;170;142;154;129;116;98;83;118;133;146;149;57;45;52;, 4.38951]
[56;123;26;3;162;175;139;164;134;56;47;95;81;40;0;71;88;17;118;53;177;, 4.38517]
[126;54;72;57;171;126;159;124;123;158;154;80;55;27;166;151;57;64;102;52;109;, 4.3547]
[107;162;13;150;162;166;119;125;149;77;95;139;21;123;32;62;109;129;121;20;75;, 4.3547]
[81;173;122;126;118;147;12;114;74;17;149;151;21;39;105;100;158;1;162;52;21;, 4.34435]
[86;125;60;48;15;83;83;20;64;161;120;62;21;150;147;145;82;107;149;25;67;, 4.34062]
[11;3;57;28;101;177;81;64;25;13;138;172;127;172;130;151;32;32;125;173;21;, 4.34062]
[91;73;7;139;178;92;131;58;136;151;2;24;168;30;70;65;160;2;46;152;53;, 4.32951]
[121;114;42;125;170;57;43;0;136;152;162;66;72;13;15;96;92;173;40;13;140;, 4.32489]
[131;41;142;109;105;26;144;48;85;34;140;114;122;30;81;14;43;2;95;161;108;, 4.31312]
[82;121;7;154;61;86;162;74;119;141;13;12;66;70;146;99;167;3;29;30;165;, 4.29561]
[52;142;169;176;12;120;69;37;4;139;0;163;21;15;89;69;4;173;46;153;171;, 4.29377]
[45;38;163;136;144;17;57;21;161;175;80;48;106;153;73;84;180;89;27;137;32;, 4.28703]
[8;108;2;158;155;42;58;161;170;114;2;160;180;154;1;150;179;43;104;71;63;, 4.28296]
[126;14;102;133;175;42;74;32;137;1;179;129;158;145;170;119;54;36;141;54;129;, 4.28278]
[87;56;138;100;61;111;42;130;145;27;150;171;40;58;146;159;101;114;132;61;58;, 4.27711]
[173;2;171;102;50;33;116;27;10;153;6;39;162;159;52;170;102;83;10;54;76;, 4.27711]
[147;139;53;92;88;58;138;94;168;34;58;149;33;144;89;159;113;60;106;89;91;, 4.27675]
[118;158;39;162;101;115;45;130;85;58;73;98;140;114;34;154;29;136;115;1;147;, 4.27424]
[147;130;26;115;126;112;55;87;44;132;171;102;38;153;29;100;19;20;118;5;26;, 4.26841]
[145;30;131;58;178;35;61;23;39;144;13;75;33;93;45;121;78;34;26;154;112;, 4.26841]
[17;175;110;42;36;71;103;7;52;19;71;62;87;47;13;72;178;120;170;131;31;, 4.26703]
[164;122;132;75;118;111;142;36;76;148;161;179;39;156;66;81;67;95;89;72;8;, 4.26703]
[146;58;140;65;42;17;20;47;69;52;48;13;43;158;154;34;75;7;116;44;149;, 4.25293]
[144;92;139;140;23;143;101;85;171;39;49;82;127;114;113;13;34;163;161;69;106;, 4.24561]
[46;104;34;140;154;153;52;169;169;80;56;118;169;150;41;47;174;133;3;63;26;, 4.24561]
[20;30;13;27;177;167;156;127;92;127;47;73;43;105;36;159;101;169;2;127;168;, 4.23853]
[7;75;65;168;112;92;85;104;29;19;147;166;55;175;134;50;135;117;120;51;69;, 4.23853]
[52;135;10;108;124;114;51;114;180;179;100;84;87;48;88;30;90;131;10;40;10;, 4.23641]
[6;47;159;161;13;155;171;33;35;151;179;53;131;88;178;57;61;152;134;18;75;, 4.23547]
[169;32;175;91;98;149;119;144;43;36;1;113;23;35;108;31;116;98;116;158;171;, 4.23547]
[107;94;102;110;161;171;160;118;96;28;7;63;31;42;99;40;100;87;107;5;98;, 4.23061]
[51;167;79;91;39;82;64;75;61;47;149;88;81;93;89;24;177;103;36;141;124;, 4.23061]
[115;107;0;176;60;130;92;128;108;37;73;66;26;55;4;97;80;114;42;13;155;, 4.22232]
[66;178;62;134;100;175;97;37;89;122;124;55;147;96;119;157;3;177;144;56;74;, 4.22032]
[147;166;118;29;71;12;157;165;16;147;147;126;168;25;91;142;137;77;122;63;46;, 4.21685]
[3;81;123;17;61;112;159;43;2;168;24;70;55;177;140;146;27;0;43;33;60;, 4.21685]
[15;144;75;89;83;157;46;7;126;148;34;91;20;64;86;9;11;49;130;99;88;, 4.20397]
[121;30;117;68;96;159;85;41;31;148;125;5;29;160;119;108;74;75;152;70;87;, 4.20243]
[128;5;97;75;35;107;146;24;164;62;173;94;105;131;102;46;51;134;45;114;34;, 4.19696]
[172;100;140;149;135;40;6;158;36;35;139;102;111;59;144;159;113;129;35;140;157;, 4.1966]
[174;167;25;1;123;114;60;99;105;23;154;96;177;73;159;150;180;153;66;17;127;, 4.1966]
[83;101;179;24;45;147;55;8;97;160;96;45;152;98;101;170;63;107;59;65;172;, 4.19358]
[6;135;56;8;35;15;127;23;27;168;82;142;126;119;173;35;74;151;62;41;135;, 4.19237]
[59;60;112;31;98;0;70;97;47;109;75;117;180;117;56;49;139;179;98;131;32;, 4.16989]
[87;92;151;143;139;80;158;42;8;65;131;56;37;50;30;128;122;39;178;100;138;, 4.16596]
[23;166;161;107;64;122;110;25;161;77;131;177;131;55;70;28;138;38;105;56;152;, 4.16036]
[0;177;27;145;100;153;151;166;141;174;49;30;146;160;34;118;156;14;30;132;134;, 4.15787]
[11;58;170;112;127;28;141;139;61;166;45;5;156;172;156;43;159;123;141;146;61;, 4.15775]
[83;110;166;71;26;13;5;151;75;150;8;166;123;114;113;143;99;23;137;25;153;, 4.15747]
[138;77;111;147;131;86;157;102;118;94;47;97;1;82;163;142;21;120;137;119;86;, 4.15725]
[22;23;79;168;2;76;73;66;50;150;81;38;170;108;6;12;43;163;15;17;93;, 4.15725]
[91;42;8;104;101;28;74;150;25;139;93;107;44;87;49;27;117;172;151;107;94;, 4.15647]
[2;165;153;74;94;105;42;134;148;137;119;68;72;66;138;135;79;58;32;50;18;, 4.15647]
[156;108;42;65;80;111;97;160;157;158;3;101;106;26;174;0;91;156;98;167;149;, 4.15289]
[140;51;3;48;141;36;101;80;133;66;73;179;25;77;116;89;68;1;93;66;11;, 4.15289]
[104;149;26;143;73;177;32;71;10;141;174;109;142;158;176;54;59;25;100;175;123;, 4.14892]
[81;146;119;40;6;118;73;11;106;133;89;40;60;119;126;102;13;32;70;132;132;, 4.14089]
[89;4;27;153;61;176;89;40;80;163;46;85;163;92;154;8;26;154;158;48;1;, 4.13553]
[15;142;141;114;100;109;61;151;81;22;179;45;51;95;91;34;159;140;36;167;129;, 4.13522]
[89;178;25;173;60;156;93;85;17;71;116;158;114;84;165;127;8;139;99;99;38;, 4.13118]
[36;16;16;53;54;1;91;60;25;171;166;44;37;89;51;46;144;54;18;42;83;, 4.12806]
[78;95;71;154;116;170;83;154;27;2;33;122;77;55;135;157;177;178;56;44;101;, 4.12657]
[172;111;89;180;118;174;149;63;101;22;57;63;166;108;63;95;7;132;170;155;17;, 4.11713]
[75;54;67;170;179;13;137;151;144;31;43;0;114;119;138;56;0;120;146;126;74;, 4.11608]
[28;4;120;127;139;79;129;180;0;2;133;105;103;99;41;42;54;109;88;172;86;, 4.11608]
[107;111;19;55;43;150;121;24;72;173;48;95;6;46;46;53;139;83;164;58;54;, 4.11375]
[121;7;92;103;117;10;53;133;59;100;95;97;55;160;110;102;125;49;21;39;61;, 4.10874]
[12;134;151;19;18;27;134;15;177;152;95;155;143;14;131;158;164;101;135;59;120;, 4.10847]
[100;147;59;148;97;96;72;6;19;161;21;35;152;163;161;157;143;11;2;160;22;, 4.10809]
[30;101;115;17;36;2;129;149;64;96;64;153;73;47;156;23;166;9;89;47;104;, 4.10809]
[161;40;148;162;163;145;102;57;171;65;26;132;160;173;45;55;85;160;135;128;28;, 4.09886]
[163;102;19;47;108;65;124;124;30;33;62;134;121;137;158;131;46;22;33;76;13;, 4.07178]
[64;56;114;17;153;127;11;10;67;114;37;48;7;60;153;110;95;136;162;176;143;, 4.07113]
[40;10;129;41;163;113;94;77;150;67;130;56;44;86;62;144;170;141;16;161;95;, 4.06939]
[81;99;117;69;124;122;5;103;106;108;166;77;38;8;35;174;176;63;80;134;117;, 4.0676]
[154;19;180;141;38;159;64;39;44;134;60;44;149;25;23;41;63;161;3;98;16;, 4.06677]
[92;134;97;173;139;55;50;65;36;88;64;127;21;31;163;122;13;34;118;134;29;, 4.05026]
[42;29;129;140;33;154;60;158;111;44;67;23;89;150;20;107;36;60;138;105;36;, 4.05026]
[154;60;58;65;178;114;80;175;164;136;51;34;108;30;160;73;45;26;30;165;49;, 4.0489]
[9;42;14;136;47;3;73;66;50;61;20;161;75;157;18;114;13;51;149;170;2;, 4.03604]
[8;53;143;151;140;8;1;171;29;119;84;162;67;21;23;106;119;116;145;50;86;, 4.03575]
[106;108;163;164;95;31;104;135;151;5;114;117;53;45;5;69;33;45;84;34;39;, 4.03551]
[10;28;117;0;175;127;104;151;171;22;161;1;17;115;159;28;25;143;86;156;157;, 4.03466]
[8;17;41;167;109;54;75;160;158;8;52;92;103;62;161;141;121;33;78;13;128;, 4.03466]
[16;85;56;157;115;107;76;143;122;77;153;51;63;93;156;121;133;21;118;124;179;, 4.03334]
[145;25;51;60;109;32;158;141;71;174;116;135;7;32;54;11;59;7;148;45;76;, 4.03163]
[44;133;26;86;123;22;21;135;19;72;14;68;23;135;8;139;21;20;180;175;131;, 4.02858]
[81;65;47;148;25;130;37;159;100;150;48;122;170;110;177;99;162;20;42;136;78;, 4.02459]
[91;56;2;71;108;120;3;0;77;153;141;158;23;137;4;170;121;1;164;139;91;, 4.02422]
[48;109;95;179;54;155;45;149;126;127;140;62;12;58;164;110;122;69;53;8;143;, 4.02066]
[94;31;58;74;61;8;133;109;153;88;59;139;20;85;154;53;88;79;159;42;54;, 4.02066]
[78;123;96;61;170;77;113;156;77;76;19;141;179;142;134;76;6;50;72;82;147;, 4.0139]
[14;140;3;13;73;36;83;86;29;1;118;136;88;103;130;128;28;72;19;31;101;, 4.00204]
[135;128;162;32;31;173;54;77;165;104;145;49;136;136;50;170;140;55;105;85;131;, 3.99468]
[156;31;11;171;64;46;74;84;45;27;138;7;14;180;151;60;131;99;108;6;122;, 3.98956]
[64;34;107;132;58;94;101;48;125;49;18;54;130;86;99;10;105;142;73;85;42;, 3.98927]
[71;91;149;71;80;129;96;70;131;98;59;92;98;109;83;76;114;67;38;82;67;, 3.98674]
[33;90;143;112;167;51;6;43;100;3;53;170;83;110;17;157;144;58;93;142;172;, 3.98674]
[27;102;40;99;30;144;123;90;158;87;70;101;154;83;61;61;11;47;34;52;109;, 3.98448]
[97;61;46;163;136;102;118;129;7;89;96;81;118;59;122;117;101;50;149;37;56;, 3.98384]
[146;40;132;109;178;153;72;49;131;12;167;87;160;1;128;115;62;144;21;142;2;, 3.98384]
[32;123;86;165;26;32;164;55;40;127;143;177;26;68;134;128;77;86;47;5;139;, 3.98337]
[104;117;148;98;34;133;46;158;64;118;37;66;121;149;119;151;3;114;62;168;78;, 3.98025]
[61;81;171;83;26;33;167;112;173;152;91;61;68;61;75;169;0;126;154;127;138;, 3.97998]
[40;158;171;142;145;6;152;114;89;4;147;97;48;98;42;15;107;40;41;38;55;, 3.97721]
[127;27;27;177;44;59;139;159;37;72;158;14;55;23;1;27;159;157;132;103;5;, 3.96835]
[72;138;88;20;134;174;140;81;104;68;16;113;52;87;19;167;168;135;152;26;69;, 3.96767]
[130;125;96;127;21;95;61;173;39;137;153;58;171;158;116;115;166;106;149;83;149;, 3.96441]
[71;115;32;106;65;94;2;67;156;176;33;80;128;24;150;168;138;49;149;53;88;, 3.96441]
[61;90;52;147;160;180;171;82;61;39;162;179;1;155;43;6;168;61;88;150;141;, 3.95782]
[163;71;149;34;19;172;146;152;70;111;168;113;120;82;34;140;19;116;33;90;115;, 3.95629]
[133;88;169;70;92;64;154;103;3;178;25;61;111;49;136;33;167;28;86;2;168;, 3.95629]
[35;39;55;119;34;113;5;176;72;129;103;66;35;173;131;21;126;28;2;136;59;, 3.94938]
[147;14;52;44;129;40;5;45;98;76;141;145;138;1;138;133;66;3;82;177;142;, 3.94938]
[161;108;98;167;146;114;75;1;12;101;25;33;126;50;158;176;38;45;150;163;114;, 3.94581]
[102;114;22;105;132;4;67;24;37;177;82;34;59;104;6;179;103;132;166;86;153;, 3.94202]
[151;109;45;83;125;61;158;115;76;111;12;50;41;58;6;2;168;22;5;166;134;, 3.94148]
[19;160;16;163;160;22;44;41;25;95;42;172;85;137;120;168;75;2;172;8;112;, 3.93981]
[16;158;56;104;146;65;170;26;23;67;1;158;123;83;173;164;165;18;114;121;122;, 3.93476]
[26;34;180;129;95;14;16;101;132;99;35;143;146;90;84;147;39;126;25;97;61;, 3.92696]
[145;41;119;39;11;13;14;170;11;1;167;112;101;68;2;89;171;98;177;105;142;, 3.92138]
[168;74;103;114;22;144;149;2;89;172;158;67;136;53;18;22;89;155;5;61;152;, 3.92138]
[118;132;51;164;46;50;96;73;124;95;143;83;143;99;171;20;48;132;4;66;64;, 3.92092]
[11;97;152;68;125;68;142;142;157;44;148;60;37;142;57;87;130;82;43;97;103;, 3.9112]
[126;19;138;177;170;68;27;105;19;107;101;132;9;51;74;156;65;117;87;98;137;, 3.90845]
[21;143;16;175;113;147;145;13;129;62;102;49;111;92;120;46;125;97;30;15;50;, 3.90382]
[135;98;109;81;111;114;98;167;9;85;93;66;23;166;138;25;13;112;49;17;102;, 3.89952]
[74;158;149;23;20;21;161;52;97;7;7;161;137;6;84;77;169;109;112;116;0;, 3.89731]
[48;168;180;22;156;146;90;146;54;79;167;35;148;1;158;74;100;180;136;20;68;, 3.89149]
[70;63;151;134;136;34;131;87;143;166;120;13;122;173;149;64;128;135;127;47;71;, 3.8827]
[45;13;134;48;102;90;88;158;68;175;167;147;92;111;23;15;178;42;156;33;154;, 3.87411]
[178;65;7;85;172;18;86;112;66;74;126;17;119;136;132;173;81;40;170;106;34;, 3.8729]
[129;171;44;109;179;87;50;109;157;167;74;57;161;20;58;115;54;180;154;120;17;, 3.8729]
[105;46;17;141;156;158;127;76;178;21;62;112;76;16;9;74;79;146;94;155;123;, 3.86048]
[126;164;119;134;60;72;159;110;41;168;143;70;74;15;45;56;180;123;129;81;156;, 3.85674]
[146;2;120;66;78;76;92;88;42;56;9;60;24;94;84;118;178;40;75;71;91;, 3.85674]
[123;136;120;134;26;100;71;31;41;170;154;3;145;120;95;130;113;167;171;73;61;, 3.85293]
[89;60;45;15;42;155;157;175;54;27;150;171;156;87;161;89;78;18;92;88;43;, 3.84392]
[19;56;92;57;93;78;14;103;2;63;146;13;10;110;113;162;14;9;83;93;50;, 3.81675]
[59;93;41;146;32;23;41;17;39;48;87;91;73;71;138;6;61;180;143;58;96;, 3.80108]
[21;47;161;140;81;9;88;108;144;45;145;96;12;139;115;86;24;160;92;74;80;, 3.78884]
[26;60;138;104;39;123;175;78;47;12;145;32;124;26;87;70;161;95;176;108;30;, 3.78884]
[104;79;155;72;43;15;54;66;180;179;156;76;49;150;2;180;102;162;62;95;131;, 3.78052]
[107;165;55;37;89;10;166;130;127;161;86;77;32;169;22;29;36;20;90;70;1;, 3.78052]
[31;98;103;80;109;113;27;28;144;74;110;135;9;153;124;118;90;19;87;97;146;, 3.77309]
[179;143;21;128;30;169;40;19;121;22;86;64;154;74;150;18;118;49;163;158;32;, 3.73755]
[136;70;144;144;49;18;0;177;156;169;61;170;64;101;113;161;44;43;79;79;158;, 3.73532]
[138;66;70;167;166;40;47;26;32;62;84;2;165;46;134;20;70;157;133;80;135;, 3.73529]
[48;115;72;179;133;43;27;49;172;111;13;59;155;60;87;80;59;69;118;68;8;, 3.72623]
[7;88;173;49;70;83;74;5;44;26;54;71;151;43;100;36;76;114;7;27;87;, 3.72581]
[69;45;129;112;9;17;5;11;37;158;36;22;70;119;174;12;106;101;167;8;154;, 3.69865]
[70;81;145;117;115;148;106;126;83;62;30;89;27;126;157;119;23;62;138;136;37;, 3.68738]
[42;35;140;58;124;27;140;84;157;84;123;70;148;52;91;2;178;163;107;110;2;, 3.67695]
[1;78;111;101;16;44;122;55;118;88;176;0;144;53;109;138;136;148;156;48;142;, 3.65664]
[14;14;18;33;114;24;138;42;100;100;176;38;51;111;36;141;160;30;166;59;25;, 3.65664]
[124;159;160;117;76;162;113;8;61;131;116;134;146;36;57;107;24;92;70;165;155;, 3.64982]
[132;132;118;34;105;30;156;163;32;71;134;60;57;67;116;147;23;36;13;21;116;, 3.63033]
[5;48;133;89;4;6;179;151;172;130;168;91;94;145;144;146;97;62;40;91;79;, 3.59795]
[112;168;0;144;73;121;137;91;112;139;90;75;122;36;70;96;61;70;150;108;161;, 3.58993]
[169;141;73;63;45;177;33;119;12;111;16;96;174;79;41;30;42;117;113;32;167;, 3.573]
[100;138;19;8;63;102;3;86;98;81;10;124;23;56;75;15;157;116;59;103;173;, 3.56585]
[95;76;171;149;12;60;74;131;166;110;76;10;4;28;172;81;138;111;96;70;64;, 3.56585]
[135;40;74;129;131;149;128;171;150;155;171;12;105;127;11;147;21;29;80;77;121;, 3.56469]
[161;45;37;44;21;144;175;67;99;95;106;54;61;113;123;153;51;156;161;81;102;, 3.55315]
[45;145;80;168;87;7;48;81;57;124;173;145;101;104;167;160;30;59;128;13;176;, 3.54361]
[114;155;134;16;36;86;102;53;103;0;165;42;33;158;72;159;90;85;20;62;165;, 3.53371]
[142;102;160;61;130;29;121;113;155;68;61;106;60;85;160;52;80;73;179;59;7;, 3.52293]
[169;92;26;31;174;24;67;21;171;102;82;180;28;95;108;50;62;95;116;151;81;, 3.52053]
[167;168;43;171;12;63;36;155;146;28;19;174;172;91;157;140;143;108;26;74;90;, 3.51616]
[43;0;68;23;95;44;173;19;174;29;158;68;170;99;67;131;26;134;25;119;85;, 3.5157]
[145;154;155;128;95;175;133;112;134;117;154;11;33;118;5;3;116;75;44;180;88;, 3.51329]
[117;155;176;13;50;76;130;114;88;4;178;11;159;15;12;174;46;107;40;157;34;, 3.50114]
[104;138;164;14;161;23;146;143;44;19;162;167;141;100;30;148;47;128;92;18;92;, 3.49856]
[3;130;145;111;38;96;101;0;64;64;171;109;27;86;60;117;34;46;28;128;8;, 3.4931]
[119;137;129;58;123;134;1;172;1;121;18;159;50;101;116;81;48;21;28;158;29;, 3.48823]
[22;144;67;119;30;81;62;3;123;90;124;141;158;77;112;86;139;64;173;23;173;, 3.48635]
[74;116;28;135;55;44;24;69;61;59;179;169;76;54;161;146;126;68;8;163;103;, 3.48635]
[32;8;125;25;22;73;91;133;97;125;143;55;158;111;38;8;131;39;45;160;84;, 3.47666]
[50;75;121;47;87;8;18;31;56;152;112;161;70;41;123;5;67;57;66;69;178;, 3.46627]
[166;68;13;95;177;115;59;31;167;45;62;35;34;32;14;108;15;169;30;37;63;, 3.45308]
[152;111;111;25;152;90;14;61;60;122;56;96;136;118;38;106;41;85;67;95;26;, 3.449]
[66;63;114;24;46;23;116;6;32;27;82;135;18;53;83;129;94;49;44;40;71;, 3.43804]
[178;117;172;161;91;52;17;58;47;109;154;17;63;142;77;153;144;7;164;71;31;, 3.43684]
[158;63;19;153;23;15;44;43;30;56;105;14;30;133;118;20;64;63;28;110;152;, 3.43684]
[176;2;48;159;27;179;60;139;1;156;132;122;49;158;126;99;30;36;58;169;19;, 3.43554]
[145;178;26;101;124;72;175;121;80;103;23;69;135;121;37;162;115;68;128;171;49;, 3.42779]
[2;122;132;42;160;111;38;22;124;130;12;8;139;34;20;83;57;148;176;170;144;, 3.41962]
[65;61;92;149;120;175;122;50;47;127;116;125;155;91;119;76;65;92;70;110;95;, 3.40039]
[161;7;101;92;105;46;33;141;128;29;88;101;21;69;14;80;111;34;105;162;46;, 3.38995]
[27;87;151;53;62;135;27;52;121;83;54;155;24;139;3;171;119;94;104;85;121;, 3.38923]
[150;71;5;179;171;11;158;171;11;63;27;67;60;142;150;124;10;112;59;175;105;, 3.37888]
[96;178;145;142;117;158;142;144;159;52;11;11;114;23;172;24;175;95;31;47;132;, 3.37773]
[3;43;8;160;16;1;32;30;179;46;95;48;6;105;32;160;15;75;173;171;44;, 3.37773]
[8;146;42;111;56;81;12;1;70;118;163;94;40;78;6;112;58;52;74;146;154;, 3.36702]
[135;44;32;81;69;62;98;31;16;119;56;126;140;72;128;146;4;31;73;134;10;, 3.36447]
[126;29;7;10;145;65;147;177;95;113;23;64;10;50;161;172;91;133;142;99;17;, 3.35464]
[167;165;69;69;132;122;125;161;138;112;3;123;0;180;165;25;29;48;62;57;115;, 3.35331]
[56;147;30;119;78;155;172;157;111;120;119;106;128;13;131;22;36;156;110;116;39;, 3.35246]
[109;168;70;168;160;122;176;50;52;162;60;35;71;148;99;53;123;51;160;121;50;, 3.35246]
[32;137;162;29;13;143;137;89;119;169;117;26;69;74;71;145;3;178;77;122;34;, 3.33942]
[123;71;47;178;126;80;14;158;114;12;78;96;101;176;161;120;79;22;73;165;151;, 3.33942]
[124;13;147;81;25;69;32;92;132;157;113;78;0;15;167;45;90;115;138;180;164;, 3.33749]
[52;116;90;100;69;35;158;47;164;154;20;151;34;180;69;117;34;81;102;109;67;, 3.33594]
[44;57;153;55;114;9;180;175;126;71;119;24;155;179;110;41;165;112;74;24;115;, 3.33453]
[87;50;120;145;117;65;97;92;86;159;167;119;107;176;17;107;113;144;149;34;78;, 3.33059]
[168;58;168;78;127;24;54;86;86;18;169;162;166;172;123;71;19;141;124;180;104;, 3.32146]
[83;67;143;14;54;133;25;152;79;42;31;30;11;64;52;48;85;63;79;172;44;, 3.32146]
[60;25;164;21;115;32;130;20;74;97;62;7;170;36;179;70;49;162;85;9;126;, 3.31892]
[110;100;33;132;147;127;60;107;161;46;140;18;180;129;49;21;65;167;82;113;104;, 3.31314]
[14;58;26;48;54;122;155;27;94;148;94;56;33;166;112;130;135;139;172;95;178;, 3.31314]
[109;94;111;3;9;39;123;162;103;16;83;134;104;66;174;164;130;68;45;118;53;, 3.31075]
[14;44;69;51;64;155;5;8;22;81;56;80;135;2;157;87;21;129;104;164;105;, 3.30975]
[158;66;131;58;2;57;97;44;15;30;155;105;127;47;37;91;112;15;45;91;52;, 3.30244]
[23;7;112;177;166;20;23;101;20;174;142;34;97;35;28;143;72;70;105;127;50;, 3.30034]
[59;168;77;162;53;17;163;47;113;79;151;180;100;63;71;23;89;116;148;179;175;, 3.29972]
[100;33;129;108;76;33;158;86;135;71;23;52;150;121;93;62;147;91;94;72;133;, 3.29418]
[17;76;69;70;153;100;59;163;31;159;104;9;49;74;19;7;156;58;43;32;78;, 3.29252]
[45;76;23;80;144;121;80;71;69;108;48;141;54;22;115;49;130;140;104;75;179;, 3.28916]
[131;176;179;83;8;153;32;177;94;129;116;106;47;156;155;38;51;166;157;67;123;, 3.28826]
[159;4;117;1;24;73;174;104;33;148;150;108;130;65;164;22;137;75;40;37;56;, 3.28826]
[119;21;145;88;167;177;72;136;114;9;34;8;42;28;106;74;179;60;26;72;37;, 3.2882]
[10;18;95;3;26;15;133;30;160;130;80;147;168;35;67;120;157;64;5;170;41;, 3.27931]
[18;99;120;173;91;158;165;73;82;39;137;36;110;6;65;5;75;171;53;142;91;, 3.2771]
[29;66;127;57;72;160;148;164;7;10;178;157;83;97;134;11;52;10;154;19;24;, 3.27475]
[11;1;120;13;163;17;103;30;56;152;0;89;152;93;170;33;65;29;13;120;9;, 3.27079]
[179;106;30;153;10;72;145;179;173;157;156;49;41;125;48;102;105;54;103;119;148;, 3.26969]
[172;23;8;29;21;42;180;104;112;45;128;65;108;5;176;3;48;36;107;96;111;, 3.26768]
[154;65;118;74;173;80;169;99;43;139;115;25;31;162;74;109;61;79;28;10;80;, 3.26481]
[153;144;0;25;114;81;113;157;72;112;79;144;42;30;120;127;40;176;69;6;2;, 3.26481]
[38;177;113;22;75;146;126;121;21;80;49;113;47;34;42;175;134;9;38;40;153;, 3.26229]
[1;45;131;158;24;137;163;48;54;119;135;2;133;29;52;93;169;176;102;6;48;, 3.26188]
[74;14;51;77;116;41;120;54;147;79;41;119;155;73;153;105;89;157;168;122;141;, 3.25899]
[132;131;23;69;76;66;134;78;100;153;100;55;80;86;16;50;74;125;83;72;37;, 3.25899]
[54;168;25;37;14;84;109;20;13;146;96;35;122;158;45;18;59;139;168;80;155;, 3.25315]
[18;46;15;30;170;78;66;130;138;26;173;175;63;30;61;162;123;68;59;177;90;, 3.25154]
[27;163;164;106;143;154;165;137;39;169;13;123;166;85;82;12;168;129;93;87;100;, 3.24528]
[145;132;135;163;40;164;175;135;22;99;146;14;78;79;121;168;74;90;124;56;148;, 3.24521]
[86;41;105;98;27;121;84;57;144;122;12;62;112;109;19;3;101;92;66;78;55;, 3.24521]
[148;15;124;36;139;22;34;69;87;110;163;91;112;0;105;99;154;146;91;34;3;, 3.24199]
[101;62;173;109;98;69;143;121;52;158;177;18;91;77;31;131;110;7;57;61;26;, 3.24119]
[93;117;159;22;34;100;101;144;124;122;162;49;1;154;118;29;146;84;149;171;115;, 3.24062]
[118;156;172;82;72;7;29;2;87;71;158;112;4;21;75;21;81;156;34;137;58;, 3.2373]
[12;101;138;70;107;98;95;20;138;49;163;27;132;68;162;10;34;11;150;103;125;, 3.2373]
[134;164;142;130;6;34;77;46;40;155;125;84;58;41;82;48;146;31;33;67;5;, 3.23672]
[139;176;17;3;158;93;75;109;46;156;90;0;110;89;68;9;109;155;40;14;52;, 3.23672]
[160;12;2;90;141;46;151;39;115;88;18;30;4;40;79;10;3;163;79;129;52;, 3.2347]
[75;121;105;173;141;5;1;180;35;97;123;179;79;86;97;2;139;122;38;62;59;, 3.22921]
[55;133;2;28;50;29;37;3;94;152;16;75;144;118;72;22;162;10;105;119;11;, 3.22805]
[46;109;105;112;148;146;54;145;74;164;148;101;158;161;69;130;18;59;14;95;100;, 3.22741]
[91;71;85;40;168;164;23;46;135;41;114;114;98;5;93;90;80;168;153;27;168;, 3.22662]
[11;146;57;66;52;115;109;169;98;92;122;44;78;36;133;152;175;120;101;56;152;, 3.22662]
[39;44;99;58;110;1;81;141;129;114;37;85;1;171;106;16;21;88;159;87;55;, 3.22351]
[36;177;21;19;157;0;38;112;57;59;9;35;159;136;125;121;112;51;75;38;126;, 3.22318]
[132;84;129;37;37;150;146;7;50;164;59;34;0;26;130;7;153;33;91;160;151;, 3.22087]
[123;132;116;27;138;138;19;40;166;164;114;122;103;95;162;178;133;48;3;150;150;, 3.22087]
[86;41;5;48;27;109;98;8;124;49;57;109;21;156;46;144;169;6;83;155;92;, 3.22038]
[66;43;92;126;148;129;144;0;113;18;143;168;130;0;53;79;32;9;57;175;144;, 3.21574]
[54;132;43;21;106;26;116;106;154;28;165;50;175;54;111;37;148;112;41;113;143;, 3.21525]
[154;55;71;69;175;153;129;54;107;134;5;155;77;30;64;130;88;33;112;94;142;, 3.21313]
[76;54;31;141;112;63;155;126;21;24;119;126;57;16;134;10;81;31;60;78;135;, 3.21052]
[17;77;8;168;157;24;100;100;158;28;10;5;73;64;55;44;152;19;101;49;140;, 3.21052]
[15;134;160;70;36;95;159;84;110;93;163;7;150;56;9;124;79;156;32;51;150;, 3.2082]
[2;79;162;45;21;11;81;70;117;10;100;25;174;165;34;138;96;99;12;21;2;, 3.2082]
[155;88;110;31;158;22;38;164;103;175;110;56;127;42;157;32;76;141;89;180;169;, 3.2078]
[113;69;36;101;76;17;11;162;38;34;5;138;60;84;109;86;9;150;53;26;138;, 3.20747]
[57;152;53;41;80;87;96;62;110;161;147;55;110;3;167;154;28;61;65;96;179;, 3.20463]
[112;56;17;48;120;118;59;2;120;37;16;75;25;44;159;29;43;31;8;28;48;, 3.20378]
[129;142;36;44;26;146;107;174;161;29;139;47;64;165;127;127;148;57;81;104;25;, 3.20299]
[174;137;156;91;143;134;108;23;169;111;114;115;176;58;171;115;164;57;26;133;134;, 3.20277]
[69;139;167;149;43;38;36;150;49;80;0;67;10;107;86;39;174;59;148;12;18;, 3.20277]
[108;157;89;50;135;132;124;177;56;162;177;153;10;0;138;135;32;140;132;162;63;, 3.20079]
[70;171;52;94;176;46;43;76;96;39;38;167;151;118;111;80;59;143;56;52;87;, 3.20012]
[91;156;13;108;79;152;137;178;150;144;178;29;45;80;83;120;54;111;172;140;180;, 3.19919]
[41;23;15;107;118;8;37;122;171;39;18;103;82;133;18;92;145;60;156;42;5;, 3.19906]
[28;54;172;56;38;140;43;140;116;78;117;52;170;62;50;154;16;161;102;49;111;, 3.19896]
[88;134;24;29;134;32;30;75;92;126;140;19;167;171;169;65;40;104;169;151;79;, 3.19896]
[7;41;92;105;177;147;44;83;123;142;150;162;69;34;131;168;166;158;154;115;50;, 3.19832]
[154;8;116;175;107;51;106;131;106;46;115;106;145;128;68;8;52;24;107;127;143;, 3.19703]
[93;35;176;66;69;8;173;31;163;57;66;68;4;133;152;39;0;168;6;38;149;, 3.19663]
[69;83;63;164;1;73;103;107;18;143;37;20;103;7;75;93;36;30;145;173;71;, 3.19606]
[166;159;100;78;154;158;146;174;6;46;61;98;111;61;23;99;27;11;77;152;180;, 3.19467]
[4;171;120;81;164;159;8;10;165;107;58;4;142;23;78;177;70;110;50;29;51;, 3.19372]
[8;85;143;47;31;16;52;178;62;67;37;132;12;31;0;111;117;128;30;71;21;, 3.18977]
[37;115;75;76;22;21;96;4;92;11;63;45;23;134;0;54;172;156;149;155;6;, 3.18901]
[52;163;116;100;49;133;147;162;15;105;172;53;63;121;151;126;106;159;54;2;83;, 3.1871]
[67;52;7;135;111;135;53;147;27;129;19;13;160;99;139;10;115;117;62;28;87;, 3.185]
[5;91;164;126;131;40;8;69;21;147;34;122;163;144;165;171;97;1;170;123;76;, 3.18021]
[27;168;93;89;27;103;167;118;97;163;148;20;56;16;17;171;124;27;92;28;92;, 3.18021]
[19;177;9;159;24;32;36;47;62;161;168;36;64;43;12;159;29;44;179;118;143;, 3.17891]
[123;14;145;123;169;113;153;96;157;72;66;2;99;70;129;171;92;138;89;16;179;, 3.17494]
[143;52;120;137;114;132;166;25;124;15;11;179;106;85;60;102;112;145;168;52;67;, 3.17494]
[124;36;1;103;111;102;144;56;154;82;1;7;23;83;15;179;38;14;180;15;42;, 3.17396]
[75;50;97;100;114;16;43;42;80;20;109;112;158;98;25;6;2;88;117;115;70;, 3.17267]
[62;37;100;142;107;103;62;151;156;70;1;89;31;84;44;166;79;97;27;68;151;, 3.16703]
[92;88;167;12;44;106;56;15;136;82;90;44;20;171;91;73;84;143;92;79;11;, 3.16463]
[92;30;174;117;125;86;167;149;180;52;103;171;25;19;41;174;81;85;107;127;26;, 3.16408]
[37;155;85;117;121;108;21;61;33;102;89;173;96;93;108;87;72;83;160;148;68;, 3.15908]
[171;7;85;20;139;159;118;34;140;65;13;121;104;157;163;147;99;148;47;123;40;, 3.15762]
[22;24;15;78;37;50;105;163;171;70;28;141;123;100;39;120;73;22;175;27;117;, 3.15549]
[105;109;179;136;174;61;11;31;169;96;33;49;41;15;124;49;13;86;80;0;46;, 3.15418]
[113;163;62;67;43;155;63;66;97;18;172;71;106;23;38;172;61;62;71;117;138;, 3.15418]
[92;117;41;82;133;44;82;133;163;82;147;72;25;77;135;38;0;43;39;81;95;, 3.15091]
[57;177;10;121;42;114;6;72;93;42;135;103;100;85;155;56;170;101;50;162;117;, 3.15091]
[64;156;5;11;116;145;130;34;87;115;122;59;3;68;66;17;178;1;57;76;178;, 3.14929]
[31;5;167;157;4;23;16;124;92;83;30;33;173;27;176;39;114;121;53;97;41;, 3.14623]
[143;36;70;23;27;178;171;17;154;166;98;132;67;47;95;170;169;20;128;62;37;, 3.14449]
[145;49;90;9;145;25;25;150;107;80;48;39;81;157;20;27;99;13;57;178;2;, 3.14361]
[52;134;164;9;176;22;142;59;30;86;147;128;61;99;69;69;15;72;127;31;154;, 3.13843]
[63;70;29;66;50;10;157;65;90;88;151;95;99;35;161;56;105;8;126;47;158;, 3.1339]
[71;58;98;64;180;25;17;107;73;120;117;165;67;125;72;99;8;17;110;51;36;, 3.12926]
[137;109;165;114;169;102;34;34;106;36;79;93;150;16;130;75;144;152;63;16;152;, 3.12505]
[36;42;25;126;114;115;32;45;58;124;172;70;62;161;158;64;142;97;43;138;5;, 3.12435]
[160;176;170;63;130;71;176;73;81;107;142;6;58;56;44;76;153;132;88;64;161;, 3.11923]
[171;96;62;178;97;158;156;21;171;12;10;10;165;80;11;118;79;124;64;108;127;, 3.11581]
[16;174;12;130;161;128;54;8;149;93;26;90;102;160;155;166;131;80;139;109;72;, 3.10949]
[83;21;80;40;178;31;109;76;123;110;80;68;72;83;4;65;163;0;35;56;56;, 3.10852]
[141;91;119;160;28;94;102;126;175;153;110;6;104;171;39;107;142;19;143;130;177;, 3.10852]
[28;67;97;21;139;138;155;96;16;21;176;95;159;135;34;123;173;97;96;78;117;, 3.10014]
[106;140;137;118;21;127;36;11;129;178;147;40;173;25;53;170;44;92;27;129;173;, 3.10014]
[97;79;61;18;167;173;137;7;112;172;122;30;5;164;2;13;6;69;168;45;154;, 3.09735]
[87;97;178;146;76;46;65;143;86;1;152;61;15;126;132;49;58;104;0;140;86;, 3.08676]
[112;57;13;79;120;60;130;111;118;73;15;153;64;180;133;49;79;101;110;30;20;, 3.08482]
[156;108;134;104;176;176;72;180;122;53;159;152;118;65;68;151;135;54;171;27;82;, 3.07552]
[170;162;131;88;179;9;2;158;174;146;47;175;153;138;21;156;28;155;23;126;38;, 3.07552]
[35;174;136;154;104;77;5;6;142;147;28;166;52;139;105;37;110;130;93;135;6;, 3.06338]
[96;129;119;169;146;73;23;99;9;103;180;39;159;157;104;153;123;19;14;19;109;, 3.0599]
[84;64;108;4;58;131;88;15;170;20;151;25;60;176;120;130;58;47;137;122;57;, 3.04965]
[70;131;176;36;105;126;105;38;42;133;12;151;123;16;154;110;156;148;12;51;30;, 3.04216]
[157;5;85;78;113;171;7;142;80;78;111;48;144;116;52;41;126;159;169;125;173;, 3.03754]
[146;169;178;178;17;107;119;82;98;136;29;155;28;38;38;156;40;133;111;83;31;, 3.03754]
[68;35;171;64;24;109;98;102;177;161;1;160;163;33;107;21;55;29;46;33;95;, 3.03631]
[40;115;144;95;76;91;57;103;150;56;31;117;41;26;77;121;85;59;94;153;108;, 3.03631]
[165;0;22;138;115;88;163;159;104;19;127;63;174;155;91;111;133;88;164;126;83;, 3.03488]
[100;50;167;109;133;93;63;27;100;157;83;45;22;5;82;26;55;130;170;35;12;, 3.03121]
[171;102;112;165;153;110;172;139;63;153;133;63;21;78;180;71;136;26;135;69;165;, 3.02654]
[57;123;36;158;27;82;92;176;0;94;63;179;126;162;116;105;170;153;122;165;114;, 3.02572]
[80;112;134;63;134;20;121;51;122;45;107;142;149;177;146;13;155;19;160;140;36;, 3.02378]
[134;129;102;51;43;95;87;162;24;96;23;101;21;27;90;179;114;55;33;16;155;, 3.02378]
[57;164;9;104;73;70;34;78;41;14;110;171;18;120;91;40;130;154;173;54;84;, 3.02358]
[77;69;68;67;109;105;146;81;37;7;133;122;126;174;31;122;111;62;111;129;109;, 3.02062]
[165;46;174;95;112;111;112;96;151;141;175;146;134;37;110;97;37;155;132;139;58;, 3.01417]
[120;160;28;28;103;152;39;71;122;4;6;97;129;150;127;6;138;30;30;171;42;, 3.01077]
[135;109;51;109;63;89;2;114;11;156;7;69;125;57;162;70;179;143;151;45;127;, 3.00294]
[16;40;48;160;0;49;117;22;42;121;150;74;85;59;165;57;109;105;139;147;45;, 3.00165]
[139;67;101;108;49;4;139;109;125;21;0;76;138;40;110;172;20;6;29;48;62;, 2.99773]
[137;167;116;3;164;155;154;105;16;50;146;56;176;50;161;153;34;59;98;156;122;, 2.99322]
[58;59;134;5;12;104;128;102;12;166;172;34;5;157;95;131;101;11;82;84;0;, 2.99322]
[133;84;66;2;109;157;175;25;34;152;12;140;5;120;83;62;150;32;153;34;133;, 2.99205]
[129;119;86;124;110;148;145;128;60;58;165;171;63;61;129;91;44;169;131;20;61;, 2.96648]
[99;76;22;78;158;41;69;148;167;67;102;178;85;169;96;45;43;113;43;120;8;, 2.95982]
[63;145;116;98;102;105;83;84;7;9;21;89;141;96;138;48;171;68;166;161;96;, 2.95571]
[87;108;111;59;45;22;90;109;5;179;73;72;94;110;21;48;63;82;71;7;162;, 2.94963]
[118;50;108;151;25;28;125;11;162;60;178;167;117;61;131;42;19;99;46;85;66;, 2.94589]
[180;146;96;122;166;125;35;71;135;136;60;130;72;156;2;139;105;69;77;102;27;, 2.93543]
[173;91;127;137;8;128;17;24;66;103;112;85;85;33;57;127;88;32;75;109;95;, 2.92998]
[24;123;132;147;106;117;124;113;149;91;81;52;17;180;175;103;91;17;46;137;79;, 2.92662]
[129;153;35;55;36;134;120;29;152;38;144;109;42;38;141;85;141;78;92;14;44;, 2.92398]
[73;41;52;147;121;125;1;87;47;126;24;65;62;145;77;151;158;97;138;167;28;, 2.92398]
[93;61;32;47;160;110;42;146;141;121;25;56;136;156;32;47;105;27;73;96;57;, 2.91676]
[41;15;130;58;128;154;25;34;85;106;75;47;129;138;39;31;165;67;5;18;95;, 2.90826]
[6;113;140;31;44;81;70;93;101;155;63;138;91;58;24;18;105;137;154;24;31;, 2.87921]
[37;20;146;106;71;108;35;35;10;11;176;53;37;152;14;115;99;32;74;146;104;, 2.87921]
[169;89;92;30;8;158;172;114;71;73;82;23;9;157;139;18;72;40;90;29;69;, 2.87141]
[122;35;167;150;14;52;43;53;83;9;174;168;50;49;149;6;23;61;170;176;111;, 2.87141]
[2;125;130;40;169;59;3;18;63;12;22;52;140;78;103;176;127;87;105;152;8;, 2.85077]
[73;18;97;171;146;177;83;67;67;0;100;139;58;108;89;53;72;162;153;73;103;, 2.84653]
[45;124;101;103;151;1;96;91;14;71;133;160;150;5;131;57;138;160;104;40;128;, 2.84653]
[3;19;178;44;86;84;58;122;65;180;91;178;97;85;79;112;134;71;85;70;83;, 2.84373]
[42;107;113;164;171;32;38;174;52;111;145;7;70;59;173;30;19;115;29;64;153;, 2.83333]
[124;52;89;148;74;170;128;95;18;50;8;107;169;166;179;45;82;92;94;170;178;, 2.81411]
[149;85;51;166;56;52;116;37;40;162;57;16;26;124;2;159;61;167;120;16;21;, 2.81014]
[147;72;160;74;93;77;125;70;113;91;86;3;67;11;3;119;20;83;88;133;33;, 2.79326]
[24;112;50;124;3;165;6;63;36;72;176;114;4;4;39;140;128;130;81;142;144;, 2.79056]
[33;86;118;98;36;133;69;7;81;175;93;110;67;146;165;133;22;60;163;82;134;, 2.78727]
[145;128;52;173;125;13;143;117;41;146;108;113;80;160;124;38;18;80;175;157;127;, 2.76301]
[86;50;138;52;114;52;121;138;173;24;40;21;128;164;4;73;56;70;171;143;82;, 2.7569]
[97;132;132;117;133;26;48;150;19;163;20;52;164;125;36;53;15;55;160;48;154;, 2.74976]
[56;20;75;4;95;47;99;63;82;136;126;24;60;179;107;100;109;121;107;136;103;, 2.74976]
[161;61;150;106;22;100;120;65;58;0;119;107;114;177;135;127;11;93;110;153;26;, 2.74686]
[73;49;74;30;167;9;76;140;8;72;178;57;51;0;44;63;28;114;85;69;120;, 2.74478]
[45;57;138;108;155;84;113;173;6;171;166;139;11;118;28;94;43;143;89;100;60;, 2.73831]
[67;128;114;64;32;179;37;89;16;21;136;156;25;157;175;49;160;142;125;29;105;, 2.73831]
[89;171;154;142;128;90;32;22;3;84;119;19;4;9;63;108;131;25;85;137;29;, 2.73798]
[17;36;46;52;178;147;107;177;112;106;58;53;156;131;115;179;178;42;83;82;76;, 2.71437]
[130;92;10;102;23;43;159;151;179;161;165;30;78;120;43;11;67;48;151;34;103;, 2.71365]
[77;136;73;88;112;92;117;151;114;62;138;104;130;119;33;87;155;117;74;79;149;, 2.71365]
[76;76;90;100;71;36;53;73;118;135;24;48;54;139;90;52;26;171;141;137;67;, 2.7088]
[143;72;173;45;112;144;23;118;42;77;94;130;152;21;104;56;155;165;174;176;43;, 2.70812]
[96;153;118;89;172;110;95;63;109;62;16;166;51;0;148;21;56;59;91;46;72;, 2.70172]
[68;108;10;138;62;141;30;56;130;16;48;77;40;30;154;112;139;148;167;66;12;, 2.69955]
[167;55;119;117;80;143;130;39;148;26;110;84;45;93;6;88;43;138;179;61;151;, 2.69557]
[124;52;84;22;86;144;29;69;136;103;117;87;38;155;148;172;61;144;127;38;108;, 2.69387]
[140;123;80;56;163;65;2;121;139;67;115;159;166;65;16;135;0;107;80;67;153;, 2.69145]
[139;58;22;69;9;85;67;124;133;60;164;37;92;36;152;45;12;97;107;129;134;, 2.68882]
[79;65;32;18;117;19;55;112;108;130;40;153;146;137;50;158;169;76;145;150;117;, 2.68882]
[71;134;124;166;105;124;11;136;109;47;104;120;131;151;81;77;46;171;100;85;20;, 2.68816]
[103;135;166;170;128;173;128;135;167;12;65;0;115;40;114;46;159;83;32;119;169;, 2.68816]
[9;111;149;26;119;2;77;1;160;42;24;165;30;129;52;117;136;3;159;70;177;, 2.68346]
[11;118;87;28;51;166;83;56;152;144;58;101;89;176;26;100;27;131;10;63;40;, 2.67473]
[13;114;35;69;75;155;101;49;111;7;56;1;173;65;167;136;161;33;25;136;116;, 2.67194]
[77;113;61;80;13;28;156;156;59;47;125;17;93;49;131;137;63;112;46;100;59;, 2.67163]
[35;85;55;4;129;169;30;77;83;28;107;16;81;104;162;176;108;179;35;139;129;, 2.67099]
[70;37;107;114;49;80;72;148;167;105;124;40;30;0;148;25;53;130;72;45;87;, 2.66857]
[119;69;40;118;114;111;15;118;126;129;72;148;20;25;109;52;0;91;31;87;75;, 2.66126]
[56;123;59;123;160;59;75;86;33;118;84;150;51;126;101;177;145;125;88;105;179;, 2.6603]
[98;32;65;51;80;84;72;168;133;97;91;180;175;115;55;129;166;1;53;39;82;, 2.6603]
[176;162;101;18;164;44;56;169;81;145;149;57;16;83;147;31;10;126;30;106;93;, 2.6582]
[149;154;63;162;22;12;15;29;103;99;83;82;68;144;148;12;22;163;91;17;163;, 2.65486]
[165;129;14;59;88;98;123;121;17;15;80;45;133;132;102;165;92;34;24;71;20;, 2.6484]
[31;112;48;100;129;8;14;174;22;151;147;132;86;60;26;18;109;101;165;1;42;, 2.6484]
[57;86;129;14;95;82;144;61;114;67;95;2;148;109;175;119;59;4;119;78;3;, 2.64409]
[152;104;142;176;156;93;13;160;109;160;42;87;33;135;19;11;104;90;77;103;18;, 2.64409]
[36;18;90;69;30;110;1;53;30;37;51;100;170;36;179;101;12;42;16;18;15;, 2.63943]
[61;131;1;123;159;17;95;156;161;12;48;31;136;179;74;146;137;92;167;10;114;, 2.6382]
[43;80;59;81;131;105;79;8;117;1;77;150;31;107;163;129;140;109;150;145;54;, 2.63573]
[141;156;18;8;66;98;27;32;35;122;52;72;37;150;28;163;86;81;57;106;117;, 2.63254]
[54;152;46;141;162;129;120;152;13;11;43;53;101;52;158;17;158;107;149;80;54;, 2.63254]
[60;152;19;13;86;127;33;133;3;162;163;82;121;41;90;88;148;66;109;144;131;, 2.63042]
[169;107;52;61;133;57;48;55;43;60;135;152;97;33;157;120;37;122;171;65;74;, 2.63042]
[136;49;7;59;63;138;4;81;151;147;92;31;86;52;71;36;92;93;92;85;26;, 2.62913]
[104;121;4;25;86;142;105;152;132;161;125;53;139;84;148;138;144;107;64;180;138;, 2.62778]
[160;88;135;91;29;58;148;120;55;133;168;166;111;36;164;83;50;62;146;111;158;, 2.62687]
[170;57;29;58;55;145;78;8;23;8;178;137;103;123;150;69;1;98;81;26;102;, 2.62362]
[97;94;122;70;16;69;18;159;60;80;143;78;151;22;77;117;102;123;164;140;166;, 2.62294]
[17;8;150;90;129;85;108;152;167;34;180;25;148;43;87;173;87;87;179;65;156;, 2.61998]
[71;51;9;82;23;165;170;34;60;141;138;179;139;56;25;176;137;49;149;120;48;, 2.61935]
[51;59;146;142;120;98;123;120;153;75;94;148;106;91;143;93;158;86;124;163;49;, 2.61642]
[69;13;162;148;90;116;144;128;44;0;99;63;168;46;35;11;127;87;134;161;57;, 2.61618]
[76;151;61;44;180;7;105;9;61;160;174;72;39;21;158;5;112;151;38;6;34;, 2.61231]
[37;25;64;38;42;14;126;102;5;113;126;177;118;117;22;38;24;5;82;78;102;, 2.60334]
[127;91;98;46;114;65;59;73;1;91;164;179;63;110;73;79;159;70;53;37;170;, 2.6012]
[41;124;180;53;141;128;19;160;62;16;38;160;48;48;170;72;154;38;87;52;105;, 2.59153]
[166;20;156;60;174;172;135;63;39;40;63;124;96;155;143;101;167;132;21;52;9;, 2.58142]
[70;165;116;108;95;26;169;149;110;118;54;89;161;100;140;144;83;180;110;173;32;, 2.57455]
[113;64;109;165;60;65;154;39;126;145;56;1;90;160;34;165;134;31;100;96;79;, 2.56]
[72;37;35;68;118;87;6;93;50;0;74;40;2;98;40;40;14;150;85;134;164;, 2.55807]
[46;113;73;73;123;25;66;74;57;157;165;2;166;139;63;10;45;63;175;32;133;, 2.55523]
[28;68;162;157;68;46;41;127;26;3;126;23;29;36;147;112;45;118;162;97;105;, 2.54903]
[172;8;76;115;167;25;56;7;15;1;144;150;79;4;129;147;22;156;92;57;177;, 2.51744]
[21;143;48;72;81;73;139;47;100;141;135;172;171;87;91;23;57;107;172;3;94;, 2.50293]
[27;164;55;12;128;71;140;6;33;8;56;170;86;18;15;156;21;102;51;68;113;, 2.49929]
[94;19;100;53;92;138;174;133;91;156;174;149;111;120;147;4;149;104;152;114;119;, 2.49929]
[170;153;168;168;157;86;166;64;18;169;55;177;103;88;18;110;108;37;30;138;152;, 2.49535]
[55;175;63;85;130;69;17;87;157;122;71;49;124;149;30;71;139;63;139;81;177;, 2.47927]
[104;9;80;132;145;25;73;5;121;106;68;53;18;140;73;107;2;79;124;160;72;, 2.45381]
[38;12;117;10;1;125;117;35;22;26;14;81;167;1;80;20;121;121;74;63;171;, 2.45338]
[13;162;47;25;57;164;121;168;38;39;106;130;111;156;174;173;11;149;109;48;141;, 2.44996]
[39;59;19;77;106;65;107;103;180;13;31;55;16;175;55;24;91;43;8;39;177;, 2.43719]
[80;92;74;104;119;85;104;63;84;8;14;36;113;125;166;78;69;108;35;23;164;, 2.43719]
[173;153;176;127;30;66;90;123;71;15;97;93;23;145;84;68;104;118;111;130;28;, 2.43622]
[79;92;124;41;17;179;177;107;87;164;160;33;140;43;123;87;42;106;161;179;23;, 2.42865]
[157;58;178;74;7;116;23;67;43;114;137;15;111;116;71;71;29;141;94;124;53;, 2.42168]
[130;132;99;33;111;58;87;48;143;33;92;27;41;9;131;98;24;59;142;7;59;, 2.41716]
[121;45;168;9;87;24;10;154;35;92;57;135;17;102;122;18;7;65;152;34;6;, 2.40316]
[77;166;144;36;38;179;30;41;21;100;91;124;42;173;178;78;169;39;11;56;38;, 2.39968]
[19;4;131;67;145;53;118;177;88;10;32;28;90;132;29;165;69;21;70;35;49;, 2.39604]
[125;54;37;2;179;119;95;114;25;96;43;93;75;18;161;18;104;8;143;61;35;, 2.38269]
[52;46;100;112;130;110;70;63;110;6;136;118;38;173;34;139;89;72;8;140;168;, 2.37387]
[19;168;174;106;30;47;167;98;125;138;128;87;114;117;115;88;95;175;149;20;81;, 2.36773]
[141;27;60;121;51;63;67;170;122;150;51;76;57;24;132;67;138;103;46;27;164;, 2.36188]
[121;144;105;142;105;23;179;125;55;106;5;122;164;168;161;69;136;113;115;163;147;, 2.36188]
[139;53;132;128;53;16;69;97;131;122;133;159;53;144;38;151;116;135;21;58;135;, 2.35738]
[63;18;57;163;1;90;10;131;132;76;116;157;42;175;126;92;93;78;68;125;98;, 2.35154]
[157;2;32;53;116;173;69;51;72;130;144;160;75;25;102;84;152;74;78;124;115;, 2.35088]
[131;83;104;175;168;33;145;30;60;92;6;173;125;4;114;22;64;126;114;136;8;, 2.34944]
